1 -5.04202 -0.00585565 0.000269656 -1.48044 0.172414 1
1 -7.14286 -0.0108423 0.000631798 -1.44473 0 1
1 -7.14286 -0.0158127 0.00117176 -1.40901 0 1
1 -7.14286 -0.0207608 0.00188887 -1.3733 0 1
1 -7.14286 -0.0256801 0.00278219 -1.33759 0 1
1 -7.14286 -0.0305643 0.00385059 -1.30187 0 1
1 -7.14286 -0.0354073 0.00509272 -1.26616 0 1
1 -7.14286 -0.0402028 0.00650698 -1.23044 0 1
1 -7.14286 -0.0449448 0.00809157 -1.19473 0 1
1 -7.14286 -0.0496272 0.00984447 -1.15901 0 1
1 -7.14286 -0.054244 0.0117634 -1.1233 0 1
1 -7.14286 -0.0587893 0.013846 -1.08759 0 1
1 -7.14286 -0.0632574 0.0160896 -1.05187 0 1
1 -7.14286 -0.0676425 0.0184913 -1.01616 0 1
1 -7.14286 -0.0719391 0.021048 -0.980443 0 1
1 -7.14286 -0.0761416 0.0237565 -0.944729 0 1
1 -7.14286 -0.0802448 0.0266134 -0.909015 0 1
1 -7.14286 -0.0842433 0.0296149 -0.8733 0 1
1 -7.14286 -0.0881321 0.0327573 -0.837586 0 1
1 -7.14286 -0.0919062 0.0360366 -0.801872 0 1
1 -7.14286 -0.0955608 0.0394485 -0.766158 0 1
1 -7.14286 -0.0990913 0.0429887 -0.730443 0 1
1 -7.14286 -0.102493 0.0466527 -0.694729 0 1
1 -7.14286 -0.105762 0.0504359 -0.659015 0 1
1 -7.14286 -0.108893 0.0543334 -0.6233 0 1
1 -7.14286 -0.111884 0.0583402 -0.587586 0 1
1 -7.14286 -0.114729 0.0624512 -0.551872 0 1
1 -7.14286 -0.117426 0.0666612 -0.516158 0 1
1 -7.14286 -0.119971 0.0709649 -0.480443 0 1
1 -7.14286 -0.122361 0.0753566 -0.444729 0 1
1 -7.14286 -0.124592 0.0798309 -0.409015 0 1
1 -7.14286 -0.126662 0.084382 -0.3733 0 1
1 -7.14286 -0.128568 0.089004 -0.337586 0 1
1 -7.14286 -0.130308 0.0936913 -0.301872 0 1
1 -7.14286 -0.131879 0.0984376 -0.266158 0 1
1 -7.14286 -0.13328 0.103237 -0.230443 0 1
1 -7.14286 -0.134509 0.108083 -0.194729 0 1
1 -7.14286 -0.135564 0.112971 -0.159015 0 1
1 -7.14286 -0.136444 0.117892 -0.1233 0 1
1 -7.14286 -0.137147 0.122842 -0.0875862 0 1
1 -7.14286 -0.137673 0.127814 -0.0518719 0 1
1 -7.14286 -0.138022 0.132802 -0.0161576 0 1
1 -7.14286 -0.138192 0.137799 0.0195567 0 1
1 -7.14286 -0.138183 0.142798 0.0552709 0 1
1 -7.14286 -0.137996 0.147795 0.0909852 0 1
1 -7.14286 -0.137631 0.152781 0.1267 0 1
1 -7.14286 -0.137088 0.157751 0.162414 0 1
1 -7.14286 -0.136368 0.162699 0.198128 0 1
1 -7.14286 -0.135471 0.167618 0.233842 0 1
1 -7.14286 -0.1344 0.172501 0.269557 0 1
1 -7.14286 -0.133155 0.177343 0.305271 0 1
1 -7.14286 -0.131737 0.182138 0.340985 0 1
1 -7.14286 -0.13015 0.186879 0.3767 0 1
1 -7.14286 -0.128394 0.19156 0.412414 0 1
1 -6.98578 -0.12645 0.196227 0.447731 0.0111177 1
1 -6.71069 -0.124298 0.200912 0.482331 0.0311956 1
1 -6.44475 -0.121939 0.20561 0.516211 0.0513785 1
1 -6.18767 -0.119372 0.210313 0.549366 0.0716542 1
1 -5.93917 -0.116597 0.215015 0.581794 0.0920106 1
1 -5.69898 -0.113615 0.21971 0.613493 0.112435 1
1 -5.46684 -0.110426 0.224391 0.64446 0.132915 1
1 -5.24248 -0.107031 0.229053 0.674694 0.153437 1
1 -5.02566 -0.103433 0.23369 0.704195 0.173989 1
1 -4.81362 -0.099631 0.238298 0.732952 0.19481 1
1 -4.61126 -0.095629 0.242871 0.760974 0.21538 1
1 -4.41574 -0.0914289 0.247404 0.788262 0.235938 1
1 -4.22686 -0.0870332 0.251892 0.814816 0.25647 1
1 -4.04441 -0.0824447 0.256331 0.840639 0.276962 1
1 -3.86819 -0.0776662 0.260718 0.865732 0.297399 1
1 -3.69457 -0.0726993 0.26505 0.890083 0.318183 1
1 -3.53038 -0.0675488 0.269323 0.913709 0.338461 1
1 -3.37188 -0.0622181 0.273534 0.936615 0.358637 1
1 -3.2189 -0.0567108 0.27768 0.958804 0.378696 1
1 -3.07128 -0.0510305 0.281758 0.980282 0.398622 1
1 -2.92499 -0.0451786 0.285769 1.00103 0.418944 1
1 -2.78778 -0.0391614 0.28971 1.02109 0.43855 1
1 -2.65547 -0.0329828 0.293578 1.04044 0.457974 1
1 -2.52794 -0.0266466 0.297374 1.05912 0.477201 1
1 -2.40504 -0.020157 0.301095 1.07711 0.496215 1
1 -2.28166 -0.0135144 0.304744 1.0944 0.515804 1
1 -2.16785 -0.00672651 0.308319 1.11103 0.534332 1
1 -2.05829 0.000202539 0.311819 1.12701 0.552601 1
1 -1.95287 0.00726869 0.315245 1.14235 0.570596 1
1 -1.85147 0.0144679 0.318598 1.15705 0.588303 1
1 -1.74848 0.0218006 0.321879 1.1711 0.6067 1
1 -1.65501 0.029258 0.325088 1.18453 0.62377 1
1 -1.56523 0.0368362 0.328227 1.19737 0.640512 1
1 -1.47901 0.0445311 0.331297 1.20962 0.656916 1
1 -1.38989 0.0523448 0.3343 1.22126 0.674222 1
1 -1.3108 0.0602671 0.337238 1.23233 0.689886 1
1 -1.23496 0.0682942 0.340111 1.24286 0.705183 1
1 -1.16229 0.0764225 0.342922 1.25286 0.720104 1
1 -1.08556 0.0846552 0.345674 1.26228 0.736143 1
1 -1.01925 0.0929813 0.348369 1.2712 0.750248 1
1 -0.955801 0.101397 0.351007 1.27963 0.763961 1
1 -0.89512 0.109899 0.353592 1.28759 0.777277 1
1 -0.828713 0.118493 0.356128 1.29501 0.792083 1
1 -0.773713 0.127166 0.358615 1.30199 0.804533 1
1 -0.721198 0.135915 0.361056 1.30854 0.816584 1
1 -0.671082 0.144737 0.363453 1.31468 0.828235 1
1 -0.61412 0.153638 0.365811 1.32033 0.84166 1
1 -0.569023 0.162605 0.36813 1.3256 0.852429 1
1 -0.526057 0.171635 0.370413 1.3305 0.862808 1
1 -0.485141 0.180725 0.372662 1.33505 0.8728 1
1 -0.436218 0.189884 0.374882 1.33916 0.884889 1
1 -0.399714 0.199097 0.377074 1.34294 0.894011 1
1 -0.365008 0.208361 0.379239 1.34642 0.902767 1
1 -0.33203 0.217674 0.38138 1.34959 0.911161 1
1 -0.289482 0.227047 0.383501 1.35237 0.922102 1
1 -0.260384 0.236464 0.385604 1.35488 0.929657 1
1 -0.232777 0.245921 0.387689 1.35714 0.936879 1
1 -0.194245 0.255433 0.389763 1.35903 0.947051 1
1 -0.170155 0.26498 0.391824 1.36069 0.953465 1
1 -0.147336 0.274561 0.393874 1.36213 0.95958 1
1 -0.12573 0.284174 0.395916 1.36337 0.965405 1
1 -0.0917837 0.293834 0.397953 1.36428 0.974627 1
1 -0.0732622 0.303522 0.399987 1.365 0.979695 1
1 -0.0557517 0.313234 0.402017 1.36555 0.98451 1
1 -0.0392044 0.322971 0.404046 1.36594 0.989083 1
1 -0.00863496 0.33275 0.406078 1.36603 0.997585 1
1 0.00518025 0.342534 0.40811 1.36598 1 0.998551
1 0.0181985 0.3523 0.410137 1.3658 1 0.994917
1 0.0463588 0.362028 0.412158 1.36534 1 0.987103
1 0.0567884 0.371741 0.414179 1.36477 1 0.984225
1 0.0665973 0.38144 0.416203 1.36411 1 0.981525
1 0.0758223 0.391125 0.41823 1.36336 1 0.978993
1 0.102381 0.400773 0.420255 1.36235 1 0.971738
1 0.109331 0.41041 0.422288 1.36128 1 0.969849
1 0.115871 0.420037 0.424329 1.36014 1 0.968074
1 0.141261 0.429627 0.426373 1.35875 1 0.961214
1 0.145746 0.439209 0.428429 1.35732 1 0.960007
1 0.149971 0.448783 0.430497 1.35585 1 0.958872
1 0.153953 0.458348 0.432577 1.35435 1 0.957803
1 0.178439 0.467879 0.434664 1.35261 1 0.951255
1 0.180545 0.477403 0.436767 1.35085 1 0.950694
1 0.182537 0.486921 0.438886 1.34907 1 0.950163
1 0.206934 0.496403 0.441014 1.34705 1 0.94369
1 0.207149 0.505881 0.443161 1.34504 1 0.943633
1 0.207368 0.515355 0.445326 1.34303 1 0.943575
1 0.207589 0.524824 0.447511 1.34101 1 0.943517
1 0.232555 0.534256 0.449706 1.33876 1 0.936938
1 0.231027 0.543686 0.451923 1.33652 1 0.937339
1 0.229613 0.553112 0.454162 1.33429 1 0.937711
1 0.254641 0.562502 0.456413 1.33184 1 0.931155
1 0.251542 0.57189 0.458688 1.32941 1 0.931964
1 0.24866 0.581276 0.460987 1.327 1 0.932717
1 0.274488 0.590625 0.463299 1.32436 1 0.925988
1 0.269923 0.599972 0.465637 1.32176 1 0.927174
1 0.265672 0.609319 0.468002 1.3192 1 0.928279
1 0.261719 0.618665 0.470392 1.31667 1 0.929309
1 0.289268 0.627971 0.472795 1.31389 1 0.922158
1 0.283521 0.637277 0.475226 1.31117 1 0.923645
1 0.278176 0.646582 0.477684 1.30849 1 0.92503
1 0.306215 0.655847 0.480157 1.30555 1 0.917784
1 0.29909 0.665113 0.48266 1.30268 1 0.919621
1 0.292467 0.67438 0.485192 1.29987 1 0.92133
1 0.286318 0.683647 0.487752 1.29712 1 0.922921
1 0.317393 0.69287 0.490326 1.29408 1 0.914911
1 0.30922 0.702094 0.492931 1.29112 1 0.917011
1 0.301637 0.71132 0.495566 1.28822 1 0.918964
1 0.333849 0.720498 0.498216 1.28503 1 0.910696
1 0.3242 0.729681 0.500898 1.28193 1 0.913165
1 0.315257 0.738865 0.503612 1.27891 1 0.915459
1 0.34861 0.748001 0.506341 1.27559 1 0.906931
1 0.337551 0.757141 0.509104 1.27236 1 0.909751
1 0.327315 0.766285 0.511901 1.26923 1 0.912368
1 0.363529 0.775376 0.514712 1.26578 1 0.903141
1 0.350974 0.784472 0.517559 1.26243 1 0.90633
1 0.33937 0.793573 0.520442 1.25919 1 0.909286
1 0.32866 0.802677 0.523358 1.25605 1 0.912023
1 0.367933 0.811726 0.526287 1.25255 1 0.902025
1 0.354581 0.820779 0.529252 1.24917 1 0.905413
1 0.342275 0.829838 0.532254 1.2459 1 0.908545
1 0.384923 0.838835 0.535267 1.24225 1 0.897733
1 0.369724 0.84784 0.538319 1.23874 1 0.901572
1 0.35574 0.85685 0.541409 1.23535 1 0.905118
1 0.3998 0.865799 0.544509 1.23156 1 0.89399
1 0.382839 0.874755 0.547651 1.22793 1 0.898258
1 0.367265 0.883718 0.550833 1.22444 1 0.902195
1 0.415213 0.892613 0.554024 1.22051 1 0.890127
1 0.396337 0.901518 0.557258 1.21676 1 0.894859
1 0.379039 0.910431 0.560535 1.21316 1 0.899217
1 0.429904 0.919273 0.563819 1.2091 1 0.886461
1 0.409063 0.928126 0.567148 1.20523 1 0.891666
1 0.390008 0.936988 0.570522 1.20154 1 0.896452
1 0.446357 0.945773 0.5739 1.19733 1 0.882371
1 0.423256 0.954569 0.577327 1.19334 1 0.888118
1 0.402184 0.963377 0.580799 1.18953 1 0.893391
1 0.460684 0.972104 0.584276 1.1852 1 0.878824
1 0.435389 0.980844 0.587803 1.1811 1 0.885095
1 0.412375 0.989597 0.591378 1.1772 1 0.890837
1 0.473099 0.998266 0.594955 1.17276 1 0.875761
1 0.445654 1.00695 0.598586 1.16857 1 0.882545
1 0.420759 1.01565 0.602265 1.1646 1 0.888741
1 0.492714 1.02425 0.605942 1.15999 1 0.870942
1 0.462206 1.03287 0.609674 1.15564 1 0.878448
1 0.43461 1.0415 0.613458 1.15155 1 0.885289
1 0.509594 1.05004 0.617237 1.14679 1 0.866815
1 0.476103 1.05859 0.621075 1.14233 1 0.875022
1 0.445905 1.06716 0.624968 1.13813 1 0.882483
1 0.524608 1.07563 0.628853 1.13324 1 0.86316
1 0.488119 1.08411 0.6328 1.12867 1 0.872069
1 0.569929 1.0925 0.63674 1.1234 1 0.852212
1 0.527347 1.1009 0.640749 1.11849 1 0.862495
1 0.489103 1.10933 0.64482 1.11391 1 0.871828
1 0.581106 1.11764 0.648877 1.10853 1 0.849532
1 0.535492 1.12598 0.653005 1.10355 1 0.860519
1 0.494693 1.13434 0.657198 1.09893 1 0.870458
1 0.59324 1.14257 0.661373 1.09345 1 0.846631
1 0.544225 1.15083 0.665621 1.08839 1 0.858405
1 0.50058 1.15912 0.669937 1.08371 1 0.869017
1 0.61018 1.16728 0.674226 1.07809 1 0.842596
1 0.556868 1.17546 0.678593 1.07293 1 0.855354
1 0.666703 1.18351 0.682936 1.06683 1 0.82926
1 0.604731 1.1916 0.687366 1.06125 1 0.843892
1 0.549794 1.19971 0.691874 1.05615 1 0.85706
1 0.671411 1.20768 0.696349 1.05001 1 0.828158
1 0.606013 1.21569 0.700913 1.04442 1 0.843587
1 0.731648 1.22355 0.705444 1.03779 1 0.814173
1 0.656492 1.23145 0.710074 1.03178 1 0.831655
1 0.590224 1.23939 0.714794 1.02632 1 0.847351
1 0.737591 1.24716 0.719463 1.01964 1 0.812805
1 0.658175 1.25498 0.724234 1.01361 1 0.83126
1 0.795257 1.26263 0.728965 1.00646 1 0.799636
1 0.705791 1.27034 0.733808 1.00003 1 0.82015
1 0.62735 1.27809 0.738752 0.994266 1 0.838524
1 0.790353 1.28565 0.743633 0.98715 1 0.800748
1 0.697406 1.29327 0.748629 0.980796 1 0.822096
1 0.867261 1.3007 0.753562 0.973063 1 0.783459
1 0.760997 1.30819 0.758622 0.966185 1 0.807436
1 0.928099 1.31549 0.763623 0.957972 1 0.770015
1 0.81091 1.32285 0.768762 0.950689 1 0.796094
1 0.708553 1.33027 0.774024 0.944243 1 0.819509
1 0.906685 1.33748 0.779199 0.936197 1 0.774724
1 0.787458 1.34476 0.784513 0.929105 1 0.801406
1 0.987332 1.35182 0.789741 0.920431 1 0.75712
1 0.853859 1.35895 0.795122 0.912804 1 0.786448
1 1.05878 1.36586 0.800416 0.903583 1 0.741812
1 0.912883 1.37285 0.805874 0.895488 1 0.773358
1 1.11887 1.37962 0.811246 0.885815 1 0.729143
1 0.962645 1.38647 0.816793 0.877332 1 0.762471
1 1.17242 1.3931 0.82225 0.86726 1 0.718007
1 1.0073 1.39981 0.82789 0.858432 1 0.752814
1 1.23589 1.40629 0.833428 0.847897 1 0.704995
1 1.06134 1.41285 0.839158 0.838656 1 0.741269
1 0.90776 1.41947 0.845062 0.830602 1 0.774487
1 1.18963 1.42583 0.850811 0.820404 1 0.714459
1 1.42506 1.43196 0.85646 0.808524 1 0.66735
1 1.22501 1.43817 0.862322 0.798067 1 0.70721
1 1.46748 1.44414 0.868077 0.785893 1 0.659135
1 1.26294 1.45018 0.87405 0.775161 1 0.699508
1 1.51933 1.45599 0.879904 0.762633 1 0.649204
1 1.30966 1.46186 0.885981 0.751566 1 0.690113
1 1.60679 1.46748 0.891909 0.738448 1 0.632719
1 1.38911 1.47315 0.898067 0.726819 1 0.674375
1 1.68266 1.47857 0.904079 0.713201 1 0.618682
1 1.45856 1.48404 0.910326 0.701088 1 0.660856
1 1.76784 1.48925 0.916415 0.686917 1 0.603209
1 1.53689 1.49451 0.922744 0.67427 1 0.645868
1 1.89141 1.49949 0.928883 0.659315 1 0.581281
1 2.16151 1.50425 0.934912 0.642722 1 0.535377
1 1.90655 1.50902 0.941194 0.627673 1 0.578636
1 2.23712 1.51355 0.94732 0.610637 1 0.523001
1 1.98033 1.51809 0.953699 0.595133 1 0.565869
1 2.32296 1.52237 0.95991 0.577604 1 0.509189
1 2.6299 1.52642 0.965995 0.558382 1 0.461789
1 2.36016 1.53046 0.972334 0.540642 1 0.503282
1 2.68909 1.53426 0.978526 0.521106 1 0.45299
1 2.41979 1.53804 0.98497 0.503031 1 0.493908
1 2.79506 1.54156 0.991232 0.482942 1 0.437496
1 3.12675 1.54486 0.997356 0.461194 1 0.391067
1 2.8489 1.54811 1.00373 0.440828 1 0.42975
1 3.20076 1.55112 1.00994 0.418725 1 0.381114
1 3.53858 1.55391 1.01601 0.395062 1 0.337433
1 3.25756 1.55663 1.02232 0.372689 1 0.373571
1 3.60037 1.55912 1.02849 0.348751 1 0.329742
1 3.93017 1.5614 1.03452 0.323399 1 0.290136
1 3.64869 1.56358 1.04077 0.299249 1 0.323787
1 3.98139 1.56555 1.04688 0.273684 1 0.284196
1 4.29847 1.56732 1.05287 0.246849 1 0.248606
1 4.01786 1.56896 1.05905 0.221134 1 0.279999
1 4.33274 1.57041 1.06511 0.194166 1 0.244878
1 4.61972 1.57167 1.07105 0.166112 1 0.214506
1 4.3406 1.57278 1.07717 0.139113 1 0.244025
1 4.63716 1.5737 1.08316 0.110996 1 0.212708
1 4.89596 1.57445 1.08905 0.0819472 1 0.186638
1 4.61858 1.57503 1.09509 0.053898 1 0.214623
1 4.87088 1.57543 1.10102 0.0249378 1 0.189115
1 4.59413 1.57567 1.1071 -0.00302102 1 0.217153
1 4.84391 1.57574 1.11306 -0.0318856 1 0.191791
1 5.05619 1.57564 1.11892 -0.0614909 1 0.171051
1 4.7804 1.57536 1.1249 -0.0901288 1 0.198139
1 4.9887 1.57491 1.13077 -0.119501 1 0.177566
1 4.71327 1.57428 1.13676 -0.147897 1 0.204923
1 4.8923 1.57349 1.14264 -0.176933 1 0.186998
1 5.04867 1.57254 1.14843 -0.206512 1 0.171774
1 4.77429 1.5714 1.15431 -0.235128 1 0.198753
1 4.91174 1.5701 1.16009 -0.264232 1 0.185084
1 4.63804 1.5686 1.16596 -0.292353 1 0.212617
1 4.7611 1.56696 1.17173 -0.320922 1 0.200081
1 4.48815 1.5651 1.17759 -0.348485 1 0.228244
1 4.5995 1.5631 1.18333 -0.376463 1 0.216596
1 4.32749 1.56089 1.18915 -0.403412 1 0.245448
1 4.4279 1.55854 1.19486 -0.430746 1 0.234639
1 4.1571 1.55598 1.20064 -0.457023 1 0.264228
1 4.24156 1.55329 1.20631 -0.483636 1 0.254848
1 3.97238 1.55037 1.21204 -0.509163 1 0.285238
1 3.70531 1.54723 1.21782 -0.53356 1 0.316878
1 3.8152 1.54399 1.22348 -0.558429 1 0.303673
1 3.54959 1.54052 1.22918 -0.582142 1 0.336057
1 3.63869 1.53694 1.23476 -0.606248 1 0.325015
1 3.37525 1.53314 1.24039 -0.62917 1 0.358202
1 3.46579 1.52924 1.24587 -0.652505 1 0.34661
1 3.20506 1.52511 1.25141 -0.674628 1 0.380541
1 3.27302 1.52088 1.25681 -0.697074 1 0.371532
1 3.01603 1.51643 1.26225 -0.71828 1 0.406229
1 3.08219 1.51189 1.26756 -0.739811 1 0.397129
1 2.82972 1.50711 1.27289 -0.760079 1 0.432499
1 2.88966 1.50226 1.2781 -0.780652 1 0.423942
1 2.64265 1.49717 1.28334 -0.799942 1 0.459885
1 2.40368 1.49185 1.2886 -0.817927 1 0.496429
1 2.49068 1.48649 1.29372 -0.836394 1 0.482915
1 2.25673 1.48089 1.29886 -0.853543 1 0.519824
1 2.33859 1.47526 1.30386 -0.871161 1 0.506702
1 2.11049 1.4694 1.30888 -0.887452 1 0.543844
1 2.18953 1.4635 1.31376 -0.904211 1 0.530768
1 1.96801 1.45738 1.31866 -0.91964 1 0.567986
1 2.04184 1.45123 1.32342 -0.935519 1 0.555382
1 1.82775 1.44486 1.32819 -0.950072 1 0.592502
1 1.62677 1.43826 1.33297 -0.963322 1 0.628998
1 1.73241 1.43169 1.33761 -0.977265 1 0.60961
1 1.53627 1.42489 1.34226 -0.989908 1 0.645984
1 1.6408 1.41812 1.34677 -1.00325 1 0.626398
1 1.44986 1.41114 1.35128 -1.0153 1 0.662538
1 1.54108 1.40418 1.35566 -1.02798 1 0.645074
1 1.35668 1.39701 1.36004 -1.03938 1 0.680764
1 1.18844 1.38964 1.36442 -1.04957 1 0.714704
1 1.32074 1.38235 1.36867 -1.06072 1 0.687902
1 1.15331 1.37485 1.37291 -1.07065 1 0.721965
1 1.26722 1.36742 1.37702 -1.08141 1 0.698643
1 1.10289 1.3598 1.38113 -1.09096 1 0.732495
1 1.21557 1.35224 1.38511 -1.10135 1 0.709139
1 1.05463 1.34448 1.38909 -1.11054 1 0.742695
1 0.911929 1.33655 1.39306 -1.11863 1 0.773568
1 1.05385 1.32873 1.39691 -1.12781 1 0.74286
1 0.908075 1.32073 1.40074 -1.13587 1 0.774417
1 1.0336 1.31283 1.40446 -1.1449 1 0.747176
1 0.887677 1.30474 1.40816 -1.15279 1 0.778925
1 0.761243 1.2965 1.41186 -1.15967 1 0.80738
1 0.909412 1.28838 1.41544 -1.16774 1 0.774123
1 0.776165 1.28009 1.419 -1.17474 1 0.803974
1 0.912786 1.27193 1.42246 -1.18283 1 0.77338
1 0.775895 1.26359 1.4259 -1.18983 1 0.804036
1 0.887839 1.25535 1.42924 -1.19773 1 0.778889
1 0.752188 1.24693 1.43257 -1.20453 1 0.809453
1 0.638115 1.23837 1.43588 -1.21039 1 0.835981
1 0.78388 1.22995 1.43909 -1.21745 1 0.802219
1 0.660764 1.22137 1.44228 -1.2235 1 0.830652
1 0.559451 1.21266 1.44546 -1.22869 1 0.854732
1 0.72728 1.20412 1.44853 -1.23529 1 0.81518
1 0.608943 1.19543 1.45159 -1.2409 1 0.84289
1 0.743791 1.18687 1.45455 -1.24764 1 0.81138
1 0.618947 1.17815 1.4575 -1.25334 1 0.840515
1 0.518695 1.1693 1.46043 -1.25817 1 0.864598
1 0.666663 1.16061 1.46327 -1.26427 1 0.829269
1 0.552069 1.15176 1.46609 -1.26939 1 0.856511
1 0.689089 1.14306 1.46883 -1.27568 1 0.824031
1 0.566528 1.13421 1.47155 -1.28093 1 0.853029
1 0.471085 1.12522 1.47425 -1.28535 1 0.876257
1 0.622638 1.1164 1.47686 -1.29107 1 0.83964
1 0.509765 1.10744 1.47946 -1.29583 1 0.866774
1 0.424443 1.09836 1.48204 -1.29984 1 0.887822
1 0.586356 1.08946 1.48454 -1.30526 1 0.848275
1 0.476328 1.08042 1.48702 -1.30972 1 0.874966
1 0.395648 1.07127 1.48948 -1.31347 1 0.895033
1 0.555482 1.06231 1.49187 -1.31862 1 0.855688
1 0.447071 1.0532 1.49424 -1.32283 1 0.882194
1 0.589849 1.04425 1.49653 -1.32828 1 0.847441
1 0.46874 1.03514 1.4988 -1.33268 1 0.876835
1 0.383188 1.02593 1.50106 -1.33632 1 0.89817
1 0.518922 1.01686 1.50324 -1.34115 1 0.864543
1 0.413471 1.00766 1.50541 -1.34506 1 0.890563
1 0.342672 0.998366 1.50756 -1.34833 1 0.908444
1 0.497116 0.989252 1.50965 -1.35298 1 0.869865
1 0.392453 0.98 1.51171 -1.3567 1 0.895836
1 0.32541 0.970658 1.51376 -1.35981 1 0.912855
1 0.487542 0.961509 1.51574 -1.36438 1 0.872211
1 0.379671 0.952218 1.51771 -1.36798 1 0.899058
1 0.313906 0.942839 1.51965 -1.37099 1 0.915806
1 0.47011 0.933647 1.52153 -1.3754 1 0.876497
1 0.362556 0.924314 1.5234 -1.37885 1 0.903388
1 0.300859 0.914897 1.52524 -1.38174 1 0.919164
1 0.432479 0.90564 1.52703 -1.38581 1 0.885819
1 0.334817 0.896253 1.5288 -1.38901 1 0.910449
1 0.283742 0.886796 1.53055 -1.39174 1 0.923588
1 0.430298 0.877519 1.53225 -1.3958 1 0.886362
1 0.32817 0.868107 1.53393 -1.39894 1 0.912149
1 0.278474 0.858626 1.53559 -1.40162 1 0.924953
1 0.384564 0.849275 1.53721 -1.40527 1 0.897823
1 0.301238 0.839813 1.5388 -1.40816 1 0.919067
1 0.360471 0.830422 1.54036 -1.41159 1 0.903917
1 0.292533 0.820939 1.54189 -1.4144 1 0.921313
1 0.26352 0.811415 1.54341 -1.41694 1 0.92884
1 0.325743 0.801966 1.54489 -1.42006 1 0.91277
1 0.276418 0.79245 1.54635 -1.42272 1 0.925486
1 0.257985 0.782906 1.54778 -1.42521 1 0.930282
1 0.298724 0.773411 1.54919 -1.42807 1 0.919715
1 0.265531 0.763869 1.55057 -1.43063 1 0.928316
1 0.255256 0.75431 1.55193 -1.4331 1 0.930994
1 0.39529 0.744927 1.55325 -1.43684 1 0.895123
1 0.142035 0.73521 1.55457 -1.43824 1 0.961006
1 0.22986 0.725609 1.55586 -1.44046 1 0.937646
1 0.464107 0.716301 1.5571 -1.44482 1 0.877978
1 0.0368989 0.706432 1.55835 -1.44519 1 0.989721
1 0.345147 0.69697 1.55956 -1.44848 1 0.907813
1 0.387237 0.687557 1.56074 -1.45216 1 0.89715
1 -0.0471443 0.677692 1.56191 -1.45169 0.986886 1
1 0.325868 0.668198 1.56306 -1.4548 1 0.912738
1 0.38591 0.658776 1.56418 -1.45846 1 0.897484
1 -0.0577303 0.648919 1.56529 -1.45789 0.983965 1
1 0.367398 0.63947 1.56637 -1.46139 1 0.902161
1 0.380827 0.630035 1.56743 -1.465 1 0.898766
1 -0.113682 0.620246 1.56846 -1.46388 0.968668 1
1 0.360471 0.610783 1.56949 -1.46731 1 0.903917
1 0.379087 0.601339 1.57049 -1.47091 1 0.899205
1 -0.124726 0.591559 1.57147 -1.46969 0.965676 1
1 0.358561 0.582088 1.57244 -1.4731 1 0.904402
1 0.378796 0.572638 1.57339 -1.4767 1 0.899279
1 -0.140341 0.562874 1.5743 -1.47532 0.961462 1
1 0.378831 0.553422 1.57522 -1.47892 1 0.89927
1 0.376183 0.543964 1.57611 -1.48249 1 0.899939
1 -0.16883 0.534232 1.57697 -1.48085 0.953819 1
1 0.333702 0.524719 1.57784 -1.48403 1 0.910734
1 0.379266 0.51526 1.57868 -1.48763 1 0.89916
1 0.333751 0.505741 1.57949 -1.49082 1 0.910721
1 -0.117464 0.495934 1.58027 -1.48967 0.967642 1
1 0.297421 0.486366 1.58106 -1.49252 1 0.920051
1 0.321756 0.476828 1.58182 -1.4956 1 0.913792
1 -0.1488 0.467059 1.58255 -1.49414 0.959186 1
1 0.307301 0.4575 1.5833 -1.49709 1 0.917505
1 0.337582 0.447979 1.58402 -1.50031 1 0.909743
1 -0.146527 0.438204 1.5847 -1.49888 0.959797 1
1 0.318675 0.428657 1.5854 -1.50193 1 0.914582
1 0.347998 0.419145 1.58607 -1.50525 1 0.907087
1 -0.154006 0.409376 1.58671 -1.50374 0.957789 1
1 0.324516 0.399834 1.58736 -1.50684 1 0.913084
1 0.355019 0.390328 1.58799 -1.51023 1 0.905301
1 0.307348 0.380759 1.58858 -1.51317 1 0.917493
1 -0.149456 0.370979 1.58914 -1.51171 0.95901 1
1 0.277769 0.361371 1.58972 -1.51438 1 0.925136
1 0.309358 0.351802 1.59028 -1.51735 1 0.916976
1 -0.146114 0.342017 1.59079 -1.51592 0.959908 1
1 0.296093 0.33243 1.59133 -1.51876 1 0.920394
1 0.326297 0.32288 1.59185 -1.52188 1 0.912628
1 -0.150421 0.313098 1.59232 -1.52041 0.958751 1
1 0.306619 0.303522 1.59281 -1.52335 1 0.91768
1 0.337254 0.293985 1.59328 -1.52657 1 0.909827
1 -0.136078 0.284181 1.59371 -1.52523 0.96261 1
1 0.309204 0.274607 1.59416 -1.52819 1 0.917015
1 0.336865 0.265066 1.59458 -1.53141 1 0.909926
1 0.289661 0.255464 1.59497 -1.5342 1 0.922056
1 -0.193924 0.245735 1.59532 -1.53231 0.947137 1
1 0.266154 0.236101 1.59571 -1.53487 1 0.928154
1 0.307578 0.226521 1.59606 -1.53782 1 0.917434
1 -0.151436 0.216734 1.59638 -1.53634 0.958478 1
1 0.294059 0.207135 1.59672 -1.53916 1 0.920919
1 0.325429 0.197576 1.59704 -1.54228 1 0.91285
1 -0.16121 0.187801 1.59731 -1.5407 0.955857 1
1 0.303611 0.178213 1.59761 -1.54361 1 0.918455
1 0.336544 0.168667 1.59789 -1.54683 1 0.910008
1 0.290462 0.159061 1.59813 -1.54962 1 0.921849
1 -0.13478 0.149248 1.59833 -1.54829 0.962961 1
1 0.257589 0.139599 1.59856 -1.55078 1 0.930386
1 0.286722 0.129987 1.59877 -1.55354 1 0.922816
1 -0.192368 0.120251 1.59893 -1.55166 0.947549 1
1 0.279811 0.11063 1.59913 -1.55436 1 0.924606
1 0.320258 0.10106 1.5993 -1.55742 1 0.914176
1 -0.156577 0.0912757 1.59942 -1.55589 0.957099 1
1 0.301613 0.0816821 1.59958 -1.55878 1 0.91897
1 0.333705 0.0721293 1.59971 -1.56197 1 0.910733
1 0.287641 0.062517 1.59981 -1.56474 1 0.922578
1 -0.154253 0.0527285 1.59986 -1.56323 0.957722 1
1 0.260242 0.0430804 1.59994 -1.56574 1 0.929694
1 0.293454 0.0334752 1.60001 -1.56856 1 0.921075
1 -0.130816 0.0236551 1.60002 -1.56727 0.96403 1
1 0.277476 0.0140291 1.60007 -1.56994 1 0.925212
1 0.305185 0.00443892 1.60009 -1.57287 1 0.91805
1 -0.19852 -0.00529062 1.60006 -1.57094 0.945917 1
1 0.29204 -0.0148978 1.60007 -1.57374 1 0.921441
1 0.333117 -0.0244522 1.60006 -1.57693 1 0.910883
1 0.288949 -0.0340633 1.60001 -1.5797 1 0.92224
1 -0.148133 -0.0438597 1.59992 -1.57825 0.959365 1
1 0.262652 -0.0535048 1.59986 -1.58079 1 0.929066
1 0.294481 -0.0631085 1.59978 -1.58361 1 0.92081
1 -0.126895 -0.0729331 1.59965 -1.58237 0.96509 1
1 0.279155 -0.0825565 1.59955 -1.58505 1 0.924776
1 0.305995 -0.0921449 1.59942 -1.58799 1 0.917841
1 -0.193824 -0.101879 1.59925 -1.5861 0.947163 1
1 0.294064 -0.111483 1.59911 -1.58892 1 0.920918
1 0.334074 -0.121035 1.59896 -1.59212 1 0.910639
1 -0.163642 -0.130808 1.59874 -1.59052 0.955206 1
1 0.313397 -0.140386 1.59857 -1.59352 1 0.915937
1 0.346343 -0.149922 1.59837 -1.59682 1 0.907509
1 0.299651 -0.159516 1.59813 -1.5997 1 0.919476
1 -0.140962 -0.169318 1.59784 -1.59832 0.961295 1
1 0.266421 -0.178956 1.59759 -1.60088 1 0.928085
1 0.296607 -0.188553 1.59731 -1.60373 1 0.920261
1 -0.19867 -0.198277 1.59698 -1.6018 0.945878 1
1 0.290484 -0.207882 1.5967 -1.60459 1 0.921843
1 0.331677 -0.217433 1.59639 -1.60776 1 0.911251
1 -0.135546 -0.22724 1.59602 -1.60643 0.962754 1
1 0.310521 -0.236818 1.59569 -1.60941 1 0.916676
1 0.338024 -0.246359 1.59534 -1.61263 1 0.90963
1 0.29071 -0.25596 1.59495 -1.61543 1 0.921785
1 -0.164022 -0.265726 1.59451 -1.61382 0.955105 1
1 0.267839 -0.275356 1.5941 -1.6164 1 0.927716
1 0.302857 -0.28494 1.59368 -1.61931 1 0.918649
1 -0.176993 -0.294686 1.5932 -1.61758 0.95164 1
1 0.300383 -0.304273 1.59276 -1.62047 1 0.919287
1 0.33665 -0.313812 1.59231 -1.62368 1 0.909981
1 -0.118625 -0.323634 1.59178 -1.62251 0.967328 1
1 0.317518 -0.333196 1.5913 -1.62555 1 0.914879
1 0.341404 -0.342727 1.59079 -1.62881 1 0.908768
1 -0.167381 -0.352481 1.59022 -1.62718 0.954206 1
1 0.322659 -0.362034 1.58969 -1.63026 1 0.91356
1 0.355857 -0.371544 1.58914 -1.63365 1 0.905089
1 -0.206776 -0.381243 1.58852 -1.63164 0.943732 1
1 0.386611 -0.390713 1.58796 -1.63531 1 0.897307
1 0.372892 -0.400198 1.58737 -1.63886 1 0.900771
1 0.314874 -0.409754 1.58673 -1.64187 1 0.915558
1 -0.197511 -0.41946 1.58603 -1.63995 0.946185 1
1 0.293107 -0.429044 1.58538 -1.64276 1 0.921165
1 0.33392 -0.438574 1.58471 -1.64595 1 0.910678
1 -0.122651 -0.448377 1.58397 -1.64475 0.966237 1
1 0.322678 -0.457919 1.58327 -1.64784 1 0.913555
1 0.347159 -0.467429 1.58255 -1.65115 1 0.907301
1 -0.201713 -0.477122 1.58176 -1.64918 0.945072 1
1 0.377314 -0.486592 1.58104 -1.65277 1 0.899653
1 0.373878 -0.496064 1.58028 -1.65632 1 0.900521
1 -0.150029 -0.505822 1.57943 -1.65485 0.958856 1
1 0.347683 -0.515326 1.57865 -1.65817 1 0.907167
1 0.378751 -0.524788 1.57784 -1.66176 1 0.89929
1 -0.109162 -0.534596 1.57694 -1.66069 0.969895 1
1 0.321163 -0.544128 1.57609 -1.66376 1 0.913944
1 0.383364 -0.553579 1.57523 -1.6674 1 0.898126
1 -0.0775146 -0.563426 1.57427 -1.66663 0.978529 1
1 0.320375 -0.572954 1.57337 -1.6697 1 0.914146
1 0.385011 -0.582398 1.57245 -1.67335 1 0.897711
1 -0.0699497 -0.592248 1.57143 -1.67266 0.980604 1
1 0.305804 -0.601789 1.57047 -1.67559 1 0.91789
1 0.387041 -0.611225 1.5695 -1.67926 1 0.897199
1 -0.0369839 -0.621115 1.56842 -1.6789 0.989698 1
1 0.195907 -0.630792 1.56738 -1.6808 1 0.94661
1 0.442751 -0.640154 1.56636 -1.68497 1 0.883265
1 0.0395521 -0.650034 1.56523 -1.68537 1 0.988986
1 0.210437 -0.659685 1.56413 -1.68741 1 0.942764
1 0.449282 -0.669032 1.56306 -1.69164 1 0.881646
1 0.0393568 -0.678905 1.56186 -1.69203 1 0.98904
1 0.209716 -0.68855 1.56069 -1.69407 1 0.942954
1 0.444354 -0.697895 1.55956 -1.69825 1 0.882868
1 0.0600631 -0.707731 1.5583 -1.69884 1 0.983323
1 0.209737 -0.717368 1.55707 -1.70088 1 0.942949
1 0.41639 -0.72674 1.55586 -1.70482 1 0.889833
1 0.101379 -0.736512 1.55455 -1.70582 1 0.972011
1 0.217257 -0.74613 1.55325 -1.70792 1 0.940964
1 0.41224 -0.755498 1.55198 -1.71182 1 0.890871
1 0.127039 -0.765226 1.5506 -1.71307 1 0.965051
1 0.220516 -0.77483 1.54924 -1.71521 1 0.940105
1 0.38559 -0.784222 1.54789 -1.71887 1 0.897565
1 0.169149 -0.793885 1.54645 -1.72052 1 0.953734
1 0.230222 -0.803466 1.54502 -1.72275 1 0.937551
1 0.295148 -0.812961 1.54358 -1.72559 1 0.920638
1 0.264325 -0.82249 1.54211 -1.72813 1 0.92863
1 0.254882 -0.832028 1.5406 -1.7306 1 0.931092
1 0.314401 -0.841487 1.53909 -1.73361 1 0.915679
1 0.271074 -0.850996 1.53755 -1.73622 1 0.926874
1 0.256732 -0.860519 1.53597 -1.7387 1 0.930609
1 0.340995 -0.869932 1.53439 -1.74195 1 0.908872
1 0.281042 -0.879415 1.53276 -1.74466 1 0.924287
1 0.259472 -0.888921 1.5311 -1.74716 1 0.929894
1 0.362918 -0.898293 1.52945 -1.75061 1 0.903296
1 0.289065 -0.907751 1.52775 -1.75339 1 0.92221
1 0.37891 -0.917093 1.52604 -1.75699 1 0.89925
1 0.300566 -0.926526 1.52428 -1.75987 1 0.91924
1 0.266417 -0.935997 1.52248 -1.76244 1 0.928085
1 0.400056 -0.945296 1.52069 -1.76623 1 0.893925
1 0.309766 -0.954701 1.51884 -1.7692 1 0.916871
1 0.269739 -0.96415 1.51696 -1.7718 1 0.927221
1 0.430358 -0.973396 1.51509 -1.77586 1 0.886347
1 0.32296 -0.982766 1.51316 -1.77895 1 0.913483
1 0.444892 -0.99198 1.51123 -1.78314 1 0.882734
1 0.336282 -1.00132 1.50923 -1.78635 1 0.910075
1 0.282268 -1.01072 1.50719 -1.78906 1 0.923969
1 0.483663 -1.01987 1.50518 -1.79359 1 0.873163
1 0.356409 -1.02916 1.50309 -1.79699 1 0.904948
1 0.507095 -1.03826 1.50102 -1.80172 1 0.867425
1 0.376716 -1.04752 1.49886 -1.8053 1 0.899804
1 0.304483 -1.05685 1.49665 -1.80822 1 0.91823
1 0.519587 -1.06591 1.49448 -1.81306 1 0.864381
1 0.382471 -1.07513 1.49222 -1.81669 1 0.898351
1 0.562842 -1.08413 1.48998 -1.82191 1 0.853915
1 0.415305 -1.09329 1.48765 -1.82584 1 0.890104
1 0.586373 -1.10224 1.48535 -1.83126 1 0.848271
1 0.437912 -1.11135 1.48294 -1.83538 1 0.884468
1 0.345226 -1.12056 1.48046 -1.83867 1 0.907793
1 0.610136 -1.12945 1.47805 -1.8443 1 0.842606
1 0.452795 -1.13851 1.47552 -1.84855 1 0.880775
1 0.648901 -1.14733 1.47304 -1.8545 1 0.833439
1 0.484618 -1.15633 1.47044 -1.85904 1 0.872928
1 0.694875 -1.16507 1.46787 -1.86537 1 0.822685
1 0.523972 -1.17399 1.46519 -1.87025 1 0.863315
1 0.407064 -1.18304 1.46242 -1.87411 1 0.892167
1 0.696769 -1.19174 1.45972 -1.88045 1 0.822244
1 0.524338 -1.20062 1.45691 -1.88534 1 0.863225
1 0.783133 -1.2092 1.45415 -1.8924 1 0.802389
1 0.592077 -1.21797 1.45125 -1.89786 1 0.846908
1 0.826513 -1.22647 1.4484 -1.90527 1 0.792578
1 0.631205 -1.23516 1.44541 -1.91107 1 0.837613
1 0.866475 -1.24358 1.44247 -1.9188 1 0.783634
1 0.66857 -1.25218 1.43938 -1.92491 1 0.828823
1 0.920961 -1.2605 1.43634 -1.93307 1 0.771582
1 0.718103 -1.26901 1.43315 -1.9396 1 0.817299
1 0.968831 -1.27724 1.43001 -1.94813 1 0.761127
1 0.762995 -1.28565 1.42671 -1.95502 1 0.80698
1 0.601617 -1.29421 1.42327 -1.96057 1 0.844633
1 0.964269 -1.30237 1.41996 -1.96906 1 0.762118
1 1.17219 -1.31031 1.41667 -1.97913 1 0.718055
1 0.938319 -1.31843 1.41319 -1.98743 1 0.767777
1 1.21057 -1.32627 1.40977 -1.99778 1 0.710163
1 0.979265 -1.33429 1.40617 -2.00639 1 0.758865
1 1.24344 -1.34203 1.40261 -2.01698 1 0.70346
1 1.01404 -1.34995 1.39887 -2.02586 1 0.751365
1 1.30837 -1.35756 1.3952 -2.03692 1 0.690371
1 1.07584 -1.36534 1.39133 -2.04627 1 0.738196
1 1.39337 -1.3728 1.38754 -2.05793 1 0.67354
1 1.15525 -1.38043 1.38355 -2.06787 1 0.721562
1 1.49045 -1.38773 1.37965 -2.08021 1 0.654721
1 1.24576 -1.39518 1.37554 -2.09081 1 0.702988
1 1.57387 -1.40232 1.37151 -2.10371 1 0.638885
1 1.32428 -1.40961 1.36727 -2.11488 1 0.687196
1 1.69495 -1.41655 1.36313 -2.12858 1 0.616431
1 1.978 -1.42323 1.35904 -2.14407 1 0.566269
1 1.70385 -1.43004 1.3547 -2.15783 1 0.614806
1 2.03217 -1.43656 1.35044 -2.17365 1 0.557021
1 1.76033 -1.4432 1.34594 -2.18777 1 0.604562
1 2.10884 -1.44953 1.34152 -2.20405 1 0.544118
1 2.40928 -1.4556 1.33715 -2.22207 1 0.495551
1 2.12656 -1.46176 1.33253 -2.23846 1 0.541166
1 2.46581 -1.46764 1.32798 -2.25679 1 0.486753
1 2.18571 -1.47361 1.32318 -2.27352 1 0.531394
1 2.56376 -1.47927 1.31848 -2.29239 1 0.471749
1 2.89206 -1.48466 1.31383 -2.31297 1 0.4236
1 2.60452 -1.49011 1.30893 -2.33206 1 0.465596
1 2.97483 -1.49527 1.30412 -2.35306 1 0.411954
1 3.29351 -1.50018 1.29935 -2.3756 1 0.368839
1 3.00429 -1.50511 1.29433 -2.39675 1 0.407856
1 3.35612 -1.50978 1.28938 -2.41958 1 0.360676
1 3.68423 -1.5142 1.28448 -2.44389 1 0.319442
1 3.39592 -1.51861 1.27934 -2.46691 1 0.355538
1 3.7413 -1.52278 1.27426 -2.49146 1 0.312524
1 4.05976 -1.5267 1.26924 -2.51734 1 0.275212
1 3.77353 -1.53059 1.26398 -2.54203 1 0.308649
1 4.11123 -1.53424 1.25878 -2.56813 1 0.26938
1 4.41004 -1.53766 1.25364 -2.59539 1 0.236548
1 4.1263 -1.54103 1.24826 -2.62155 1 0.267682
1 4.43103 -1.54417 1.24295 -2.64889 1 0.234306
1 4.70331 -1.54709 1.23768 -2.67725 1 0.205935
1 4.42217 -1.54994 1.2322 -2.70457 1 0.235252
1 4.70901 -1.55256 1.22677 -2.73295 1 0.205356
1 4.42893 -1.55509 1.22114 -2.76029 1 0.234529
1 4.6973 -1.55742 1.21558 -2.78862 1 0.206548
1 4.93242 -1.55954 1.21006 -2.8178 1 0.183054
1 4.65368 -1.56155 1.20434 -2.84598 1 0.21101
1 4.89095 -1.56336 1.19869 -2.87501 1 0.187132
1 5.06845 -1.56499 1.19307 -2.90466 1 0.169876
1 4.79147 -1.56647 1.18728 -2.93333 1 0.197028
1 4.97103 -1.56778 1.18153 -2.96264 1 0.179284
1 4.69483 -1.56894 1.1756 -2.99097 1 0.206799
1 4.85493 -1.56991 1.16973 -3.01988 1 0.190696
1 4.57937 -1.57074 1.16369 -3.04778 1 0.218686
1 4.73727 -1.57139 1.15772 -3.07626 1 0.202488
1 4.46233 -1.57187 1.15158 -3.10373 1 0.230977
1 4.598 -1.57219 1.14551 -3.1317 1 0.216752
1 4.32374 -1.57233 1.13928 -3.15864 1 0.245854
1 4.4531 -1.57231 1.13312 -3.18607 1 0.231957
1 4.1797 -1.57211 1.12681 -3.21243 1 0.261704
1 4.28922 -1.57176 1.12058 -3.23923 1 0.249617
1 4.017 -1.57121 1.1142 -3.26494 1 0.280098
1 4.11599 -1.57052 1.10789 -3.29106 1 0.268843
1 3.84536 -1.56963 1.10145 -3.31605 1 0.300093
1 3.92923 -1.56859 1.09509 -3.3414 1 0.290246
1 3.66075 -1.56736 1.08859 -3.3656 1 0.32231
1 3.73513 -1.56598 1.08217 -3.39013 1 0.313268
1 3.46946 -1.5644 1.07563 -3.41348 1 0.346145
1 3.20777 -1.56262 1.06896 -3.43562 1 0.380179
1 3.30412 -1.56071 1.0624 -3.45821 1 0.367449
1 3.04522 -1.5586 1.05571 -3.47956 1 0.4022
1 3.12746 -1.55636 1.04913 -3.50131 1 0.390971
1 2.87226 -1.55392 1.04242 -3.5218 1 0.426415
1 2.95338 -1.55136 1.03583 -3.54269 1 0.414954
1 2.70261 -1.5486 1.02912 -3.5623 1 0.450993
1 2.76577 -1.54572 1.02251 -3.58224 1 0.441746
1 2.52071 -1.54263 1.0158 -3.60087 1 0.478307
1 2.58155 -1.53944 1.00918 -3.61983 1 0.469058
1 2.3431 -1.53603 1.00247 -3.63747 1 0.505985
1 2.11455 -1.53241 0.995652 -3.65379 1 0.543165
1 2.20706 -1.52873 0.988962 -3.67065 1 0.527897
1 1.98405 -1.52483 0.982175 -3.68618 1 0.565231
1 2.06716 -1.52086 0.975509 -3.70221 1 0.551106
1 1.85073 -1.51669 0.968752 -3.71691 1 0.588433
1 1.93138 -1.51246 0.962115 -3.73211 1 0.574316
1 1.72221 -1.50802 0.955392 -3.74599 1 0.611462
1 1.52695 -1.50338 0.948583 -3.75857 1 0.647755
1 1.6367 -1.49872 0.941916 -3.77188 1 0.627157
1 1.44587 -1.49386 0.935168 -3.78391 1 0.663311
1 1.54536 -1.48897 0.928554 -3.79661 1 0.644263
1 1.3601 -1.48389 0.921863 -3.80804 1 0.680089
1 1.46128 -1.4788 0.915307 -3.82017 1 0.66033
1 1.28164 -1.47351 0.908678 -3.83104 1 0.695735
1 1.11878 -1.46805 0.90198 -3.84071 1 0.729163
1 1.24828 -1.4626 0.895436 -3.85133 1 0.702477
1 1.08612 -1.45698 0.888825 -3.86076 1 0.736025
1 1.19517 -1.45137 0.882351 -3.871 1 0.71332
1 1.03639 -1.44558 0.875814 -3.88005 1 0.74658
1 1.14462 -1.43981 0.869412 -3.88992 1 0.72377
1 0.989463 -1.43386 0.862949 -3.89861 1 0.756659
1 0.852995 -1.42775 0.856433 -3.90623 1 0.786641
1 0.981532 -1.42169 0.850062 -3.91486 1 0.758374
1 0.843042 -1.41547 0.843638 -3.9224 1 0.788867
1 0.960854 -1.40929 0.83735 -3.93087 1 0.762861
1 0.822523 -1.40295 0.83101 -3.93824 1 0.793475
1 0.703889 -1.39646 0.824626 -3.94465 1 0.820591
1 0.848119 -1.39005 0.818393 -3.95223 1 0.787731
1 0.721981 -1.38349 0.812114 -3.95879 1 0.816403
1 0.838379 -1.37699 0.805966 -3.96629 1 0.789912
1 0.71089 -1.37033 0.799771 -3.97276 1 0.818968
1 0.604302 -1.36354 0.793537 -3.97833 1 0.843994
1 0.74652 -1.35683 0.78745 -3.98509 1 0.810753
1 0.629877 -1.34999 0.78132 -3.99088 1 0.837926
1 0.534447 -1.34302 0.775157 -3.99585 1 0.860772
1 0.689871 -1.33616 0.769146 -4.00214 1 0.823849
1 0.578336 -1.32916 0.763096 -4.00749 1 0.850195
1 0.70053 -1.32224 0.757173 -4.01387 1 0.821371
1 0.583471 -1.31518 0.751209 -4.01926 1 0.848965
1 0.490327 -1.308 0.745213 -4.02385 1 0.871528
1 0.631918 -1.30092 0.739355 -4.02966 1 0.837444
1 0.523883 -1.2937 0.733459 -4.03454 1 0.863336
1 0.440281 -1.28638 0.727537 -4.03869 1 0.883879
1 0.601484 -1.27919 0.721763 -4.04423 1 0.844665
1 0.494199 -1.27186 0.715951 -4.04885 1 0.870579
1 0.604764 -1.26461 0.710253 -4.05443 1 0.843884
1 0.493337 -1.25722 0.704516 -4.05905 1 0.87079
1 0.410272 -1.24973 0.698753 -4.06293 1 0.891364
1 0.54744 -1.24234 0.693117 -4.06801 1 0.857628
1 0.44524 -1.23483 0.687447 -4.0722 1 0.882648
1 0.37191 -1.22722 0.681755 -4.07574 1 0.901019
1 0.513899 -1.21973 0.676191 -4.08053 1 0.865766
1 0.415017 -1.21211 0.670594 -4.08445 1 0.890176
1 0.346975 -1.2044 0.664979 -4.08776 1 0.907348
1 0.489196 -1.19683 0.659489 -4.09234 1 0.871805
1 0.391348 -1.18912 0.653965 -4.09605 1 0.896114
1 0.327262 -1.18133 0.648426 -4.09918 1 0.912381
1 0.468684 -1.17366 0.643008 -4.10358 1 0.876849
1 0.370882 -1.16587 0.637558 -4.1071 1 0.901279
1 0.310542 -1.158 0.632093 -4.11008 1 0.916671
1 0.448546 -1.15026 0.626746 -4.1143 1 0.881828
1 0.351323 -1.14239 0.621366 -4.11765 1 0.906241
1 0.295621 -1.13445 0.615975 -4.12049 1 0.920516
1 0.419446 -1.12662 0.610689 -4.12445 1 0.889069
1 0.32791 -1.11867 0.605374 -4.12758 1 0.912215
1 0.280523 -1.11065 0.600051 -4.13028 1 0.924422
1 0.387937 -1.10274 0.594822 -4.13396 1 0.896973
1 0.305663 -1.09472 0.589568 -4.13689 1 0.917927
1 0.268607 -1.08664 0.584312 -4.13948 1 0.927516
1 0.35681 -1.07865 0.579136 -4.14288 1 0.904847
1 0.287264 -1.07056 0.573941 -4.14564 1 0.922676
1 0.261296 -1.06243 0.568751 -4.14816 1 0.929419
1 0.310428 -1.05434 0.563614 -4.15114 1 0.9167
1 0.26806 -1.04618 0.558474 -4.15372 1 0.927658
1 0.375655 -1.03814 0.553423 -4.15729 1 0.900072
1 0.150066 -1.02982 0.548256 -4.15876 1 0.958846
1 0.333677 -1.0217 0.543219 -4.16195 1 0.91074
1 0.393932 -1.01363 0.538247 -4.16568 1 0.895464
1 -0.0452434 -1.00514 0.533083 -4.16523 0.987412 1
1 0.41657 -0.997079 0.528151 -4.16917 1 0.889788
1 0.376134 -0.988955 0.523226 -4.17274 1 0.899951
1 -0.0477185 -0.980432 0.518124 -4.17227 0.986727 1
1 0.32395 -0.972236 0.513192 -4.17537 1 0.913229
1 0.333757 -0.964035 0.508292 -4.17855 1 0.91072
1 -0.0755855 -0.955514 0.50326 -4.17781 0.979058 1
1 0.297556 -0.94726 0.498357 -4.18066 1 0.920016
1 0.313388 -0.939011 0.493487 -4.18367 1 0.915939
1 -0.10228 -0.930496 0.488519 -4.18266 0.971766 1
1 0.280548 -0.922199 0.483645 -4.18536 1 0.924415
1 0.302233 -0.913914 0.478808 -4.18826 1 0.91881
1 0.256555 -0.905562 0.473966 -4.19073 1 0.930655
1 -0.095966 -0.897005 0.469053 -4.18979 0.973486 1
1 0.222808 -0.888607 0.464204 -4.19195 1 0.939501
1 0.24423 -0.880224 0.459386 -4.19431 1 0.933877
1 -0.0956254 -0.871648 0.454503 -4.19336 0.973579 1
1 0.226481 -0.863237 0.449686 -4.19556 1 0.938534
1 0.247775 -0.854841 0.4449 -4.19795 1 0.932949
1 -0.0979349 -0.84625 0.44005 -4.19699 0.972949 1
1 0.225295 -0.837821 0.435263 -4.19917 1 0.938846
1 0.247114 -0.829406 0.430507 -4.20156 1 0.933122
1 -0.100852 -0.820802 0.425691 -4.20057 0.972155 1
1 0.220698 -0.81235 0.420931 -4.20271 1 0.940057
1 0.243225 -0.803914 0.416203 -4.20506 1 0.93414
1 0.204415 -0.795421 0.411471 -4.20705 1 0.944356
1 -0.098418 -0.786788 0.4067 -4.20608 0.972817 1
1 0.176294 -0.778257 0.40196 -4.2078 1 0.951827
1 0.198782 -0.769745 0.397248 -4.20973 1 0.945848
1 -0.0972911 -0.761097 0.392499 -4.20877 0.973125 1
1 0.18336 -0.752562 0.387786 -4.21056 1 0.949944
1 0.205531 -0.744045 0.383102 -4.21256 1 0.944061
1 -0.0963433 -0.735383 0.378377 -4.21161 0.973383 1
1 0.183858 -0.726835 0.373689 -4.2134 1 0.949812
1 0.20581 -0.718305 0.369029 -4.2154 1 0.943987
1 0.172163 -0.709726 0.364366 -4.21708 1 0.952929
1 -0.0915531 -0.701037 0.359677 -4.21618 0.97469 1
1 0.147375 -0.692424 0.355006 -4.21762 1 0.959569
1 0.168473 -0.68383 0.35036 -4.21927 1 0.953914
1 -0.0929426 -0.675132 0.345691 -4.21835 0.97431 1
1 0.154693 -0.666518 0.341043 -4.21986 1 0.957604
1 0.176076 -0.657923 0.336421 -4.22158 1 0.951885
1 0.146987 -0.649284 0.331797 -4.22302 1 0.959673
1 -0.0805684 -0.640555 0.327152 -4.22222 0.977692 1
1 0.127505 -0.63189 0.322521 -4.22348 1 0.964925
1 0.146128 -0.623241 0.317913 -4.22491 1 0.959905
1 -0.0770482 -0.614499 0.313282 -4.22415 0.978657 1
1 0.134231 -0.605833 0.308672 -4.22546 1 0.963108
1 0.152035 -0.597183 0.304084 -4.22695 1 0.958317
1 0.126238 -0.588495 0.299494 -4.22819 1 0.965267
1 -0.0676342 -0.579726 0.294885 -4.22752 0.98124 1
1 0.109517 -0.571014 0.29029 -4.2286 1 0.969798
1 0.125163 -0.562317 0.285714 -4.22983 1 0.965558
1 -0.0710332 -0.553545 0.281122 -4.22913 0.980307 1
1 0.115971 -0.544834 0.276544 -4.23027 1 0.968047
1 0.132403 -0.536138 0.271987 -4.23157 1 0.963602
1 0.109783 -0.527409 0.267427 -4.23265 1 0.969726
1 -0.0584446 -0.518608 0.262851 -4.23207 0.983768 1
1 0.0951241 -0.509858 0.258287 -4.23301 1 0.973715
1 0.108635 -0.501121 0.253739 -4.23408 1 0.970038
1 -0.0577414 -0.492313 0.249176 -4.23351 0.983962 1
1 0.0995832 -0.483562 0.244627 -4.23449 1 0.9725
1 0.112944 -0.474823 0.240095 -4.2356 1 0.968868
1 0.0932458 -0.466055 0.235561 -4.23652 1 0.974228
1 -0.053306 -0.457231 0.231016 -4.23599 0.985185 1
1 0.0810996 -0.448446 0.226478 -4.23679 1 0.977547
1 0.0933899 -0.439672 0.221954 -4.23772 1 0.974188
1 -0.0477142 -0.430836 0.217416 -4.23724 0.986729 1
1 0.0848687 -0.42205 0.212892 -4.23808 1 0.976516
1 0.0958978 -0.413274 0.208381 -4.23903 1 0.973504
1 0.0789735 -0.404473 0.203868 -4.23981 1 0.978129
1 -0.0418434 -0.39562 0.199345 -4.23939 0.988352 1
1 0.0671278 -0.386802 0.194829 -4.24006 1 0.981379
1 0.076859 -0.377993 0.190324 -4.24082 1 0.978709
1 -0.0437786 -0.369138 0.185811 -4.24038 0.987817 1
1 0.0699342 -0.360319 0.181305 -4.24108 1 0.980608
1 0.0800558 -0.35151 0.176812 -4.24187 1 0.977833
1 0.0659454 -0.34268 0.172317 -4.24252 1 0.981704
1 -0.0349581 -0.333806 0.167813 -4.24217 0.990259 1
1 0.0553617 -0.324961 0.163314 -4.24272 1 0.984618
1 0.0635287 -0.316124 0.158825 -4.24335 1 0.982369
1 -0.032034 -0.307243 0.154327 -4.24303 0.991071 1
1 0.0563446 -0.298396 0.149837 -4.24359 1 0.984347
1 0.0638522 -0.289555 0.145356 -4.24422 1 0.98228
1 0.052336 -0.280697 0.140874 -4.24474 1 0.985452
1 -0.0247831 -0.271801 0.136383 -4.2445 0.993085 1
1 0.0426556 -0.26293 0.131897 -4.24492 1 0.988127
1 0.0484139 -0.254064 0.127419 -4.2454 1 0.986535
1 -0.0238512 -0.245164 0.122933 -4.24516 0.993344 1
1 0.042263 -0.236289 0.118454 -4.24558 1 0.988236
1 0.0478085 -0.227419 0.113981 -4.24606 1 0.986703
1 0.0391243 -0.218537 0.109508 -4.24645 1 0.989105
1 -0.015865 -0.209622 0.105026 -4.24629 0.995568 1
1 0.0308816 -0.200728 0.10055 -4.2466 1 0.99139
1 0.0345594 -0.191837 0.0960788 -4.24694 1 0.99037
1 -0.0806136 -0.182999 0.0916442 -4.24614 0.97768 1
1 0.0968494 -0.174188 0.0872047 -4.2471 1 0.973245
1 0.0465363 -0.16531 0.0827449 -4.24756 1 0.987054
1 -0.05646 -0.15644 0.0782999 -4.247 0.984315 1
1 0.0725667 -0.147595 0.0738542 -4.24772 1 0.979886
1 -0.0595863 -0.138728 0.0694126 -4.24713 0.983454 1
1 0.109992 -0.129928 0.0649893 -4.24821 1 0.969669
1 -0.00723253 -0.120995 0.0605173 -4.24814 0.997977 1
1 -0.0285635 -0.112089 0.0560589 -4.24786 0.992034 1
1 -0.0196221 -0.103173 0.051592 -4.24766 0.994521 1
1 0.111648 -0.0943731 0.0471743 -4.24876 1 0.96922
1 -0.0255593 -0.0854601 0.0427194 -4.24851 0.992869 1
1 -0.0222563 -0.0765442 0.0382601 -4.24828 0.993788 1
1 -0.0246135 -0.0676321 0.0338003 -4.24804 0.993132 1
1 -0.031358 -0.0587294 0.0293428 -4.24773 0.991258 1
1 -0.0625777 -0.0498659 0.0249033 -4.24711 0.98263 1
1 0.0924654 -0.0410452 0.0204698 -4.24802 1 0.974441
1 -0.115843 -0.0322444 0.0160677 -4.24688 0.968082 1
1 0.0756249 -0.0234037 0.0116227 -4.24763 1 0.979047
1 -0.203176 -0.0147074 0.0072731 -4.24565 0.944684 1
1 0.10394 -0.00590732 0.00283338 -4.24668 1 0.971314
1 -0.0761251 0.00293514 -0.00160654 -4.24592 0.97891 1
1 -0.128345 0.0117119 -0.00601896 -4.24466 0.964698 1
1 -0.0210694 0.0206121 -0.0105134 -4.24445 0.994118 1
1 -0.0669062 0.0294557 -0.014979 -4.24379 0.98144 1
1 -0.0619385 0.0383024 -0.0194539 -4.24317 0.982806 1
1 -0.220342 0.0469594 -0.0238312 -4.24104 0.94015 1
1 -0.0515946 0.0558062 -0.0283372 -4.24052 0.985657 1
1 -0.124939 0.0645631 -0.0327992 -4.2393 0.965618 1
1 -0.119959 0.0733203 -0.0372752 -4.23812 0.966966 1
1 -0.319503 0.0818424 -0.0416335 -4.23506 0.91437 1
1 -0.119932 0.0905806 -0.0461466 -4.23388 0.966974 1
1 -0.212885 0.0992051 -0.050609 -4.23181 0.942117 1
1 -0.429803 0.107578 -0.0549526 -4.22776 0.886486 1
1 -0.161627 0.116234 -0.0595015 -4.22618 0.955746 1
1 -0.14426 0.124904 -0.0640756 -4.22476 0.960407 1
1 4.04658 0.130504 -0.067139 -4.2506 1 0.276714
1 1.67535 0.137731 -0.0707972 -4.26417 1 0.620024
1 0.562201 0.146075 -0.0748364 -4.26938 1 0.85407
1 0.046664 0.15505 -0.0790972 -4.26984 1 0.987019
1 -4.35441 0.160699 -0.0816815 -4.24279 0.242531 1
1 -1.92754 0.167749 -0.0851917 -4.22761 0.574982 1
1 -0.414157 0.17612 -0.0895801 -4.22369 0.890391 1
1 -0.135391 0.184788 -0.0941817 -4.22237 0.962796 1
1 4.0466 0.190381 -0.0972585 -4.2482 1 0.276712
1 1.79457 0.197502 -0.100888 -4.26254 1 0.598414
1 0.578869 0.205821 -0.104932 -4.26789 1 0.850068
1 0.0706796 0.214759 -0.109193 -4.26859 1 0.980404
1 -0.145203 0.223614 -0.113395 -4.26717 0.960153 1
1 -4.42333 0.229223 -0.115978 -4.23985 0.235127 1
1 -1.85023 0.236321 -0.119541 -4.22516 0.588522 1
1 -0.311728 0.244795 -0.124015 -4.22217 0.916366 1
1 -0.12871 0.253464 -0.128634 -4.22091 0.964599 1
1 4.04551 0.259053 -0.131719 -4.24674 1 0.276836
1 1.61853 0.266313 -0.135428 -4.25993 1 0.630531
1 0.538544 0.274666 -0.139514 -4.26494 1 0.85978
1 0.038361 0.283633 -0.143819 -4.26532 1 0.989316
1 -4.35673 0.289269 -0.146428 -4.23826 0.242281 1
1 -1.9871 0.296257 -0.149946 -4.22271 0.564707 1
1 -0.466558 0.304551 -0.154343 -4.21833 0.877373 1
1 -0.141454 0.313187 -0.158987 -4.21695 0.961162 1
1 4.04689 0.318763 -0.162094 -4.24278 1 0.276679
1 1.71113 0.325932 -0.165794 -4.25658 1 0.613478
1 0.638806 0.334162 -0.169859 -4.26245 1 0.835818
1 0.108814 0.343029 -0.174148 -4.26352 1 0.969989
1 -0.1252 0.351886 -0.178407 -4.26229 0.965548 1
1 -0.23793 0.360605 -0.182607 -4.25999 0.935527 1
1 -4.43871 0.366188 -0.185227 -4.23261 0.233488 1
1 -1.72245 0.373361 -0.188896 -4.21873 0.611418 1
1 -0.192626 0.38194 -0.193502 -4.21686 0.947481 1
1 -0.452262 0.390223 -0.197956 -4.2126 0.880907 1
1 4.04375 0.395787 -0.201088 -4.23842 1 0.277038
1 1.73975 0.402916 -0.204809 -4.25241 1 0.608279
1 0.571233 0.411202 -0.208941 -4.2577 1 0.851899
1 -0.00894862 0.420175 -0.213327 -4.25761 0.997498 1
1 -0.171169 0.428952 -0.217609 -4.25594 0.953194 1
1 -4.41979 0.434534 -0.220256 -4.22864 0.235505 1
1 -1.71647 0.441697 -0.223957 -4.2148 0.612506 1
1 -0.587139 0.449829 -0.228345 -4.20937 0.848088 1
1 -0.137876 0.458427 -0.233069 -4.20802 0.962126 1
1 4.04652 0.463975 -0.236225 -4.23385 1 0.276721
1 1.77504 0.471059 -0.239964 -4.24807 1 0.601914
1 0.51369 0.47939 -0.244162 -4.25286 1 0.865817
1 0.053958 0.488284 -0.248566 -4.2534 1 0.985005
1 -0.146236 0.497073 -0.252901 -4.25196 0.959875 1
1 -4.41133 0.502648 -0.255572 -4.22469 0.236411 1
1 -2.09653 0.509506 -0.25914 -4.20849 0.546176 1
1 -0.477701 0.517724 -0.263647 -4.20401 0.874628 1
1 -0.143549 0.526291 -0.268413 -4.2026 0.960598 1
1 4.04694 0.531822 -0.271599 -4.22843 1 0.276673
1 1.6496 0.538987 -0.275427 -4.24183 1 0.624769
1 0.634253 0.547161 -0.279615 -4.24766 1 0.836892
1 0.120329 0.55595 -0.284028 -4.24884 1 0.966866
1 -0.11419 0.564757 -0.288424 -4.24772 0.96853 1
1 -0.257444 0.573391 -0.292739 -4.24523 0.930423 1
1 -4.44457 0.578932 -0.295439 -4.21784 0.232863 1
1 -1.90565 0.585908 -0.299133 -4.20279 0.578792 1
1 -0.353547 0.594233 -0.303767 -4.19943 0.905676 1
1 3.62133 0.599975 -0.307093 -4.22346 1 0.327153
1 1.54174 0.607212 -0.311002 -4.23614 1 0.644949
1 0.488452 0.61552 -0.315312 -4.24071 1 0.871987
1 0.0112001 0.624414 -0.319849 -4.24082 1 0.996869
1 -0.23708 0.633042 -0.324236 -4.23852 0.93575 1
1 -4.43798 0.638568 -0.326975 -4.21115 0.233565 1
1 -1.84682 0.645564 -0.330742 -4.19648 0.589124 1
1 -0.301334 0.653917 -0.335464 -4.19359 0.919042 1
1 -0.619948 0.66192 -0.340003 -4.18788 0.840277 1
1 4.00202 0.667426 -0.343284 -4.21353 1 0.281818
1 1.83838 0.674382 -0.34714 -4.22815 1 0.590618
1 0.540397 0.682599 -0.351488 -4.23318 1 0.859331
1 0.0957312 0.691353 -0.356042 -4.23412 1 0.97355
1 -0.115045 0.700093 -0.360567 -4.23299 0.968298 1
1 -0.201528 0.708726 -0.365044 -4.23103 0.945121 1
1 -0.294693 0.717245 -0.369478 -4.2282 0.920755 1
1 -4.45678 0.722734 -0.37227 -4.20075 0.231565 1
1 -1.8573 0.729682 -0.376104 -4.18601 0.587274 1
1 -0.301688 0.737985 -0.380913 -4.18312 0.918951 1
1 3.49481 0.743741 -0.384371 -4.20659 1 0.342937
1 1.48728 0.750956 -0.388425 -4.2189 1 0.655329
1 0.468488 0.759211 -0.392889 -4.22329 1 0.876897
1 -0.091989 0.767929 -0.397523 -4.22238 0.974571 1
1 -0.188876 0.776529 -0.4021 -4.22054 0.948477 1
1 -4.42178 0.782012 -0.404943 -4.19323 0.235293 1
1 -1.91742 0.788886 -0.408802 -4.17812 0.576741 1
1 -0.996228 0.796459 -0.413238 -4.16937 0.755199 1
1 3.92138 0.801943 -0.416643 -4.19469 1 0.291161
1 1.77789 0.808873 -0.420655 -4.20893 1 0.601403
1 0.643776 0.816894 -0.425105 -4.21483 1 0.834646
1 -0.0346615 0.82564 -0.429853 -4.21449 0.990342 1
1 -0.162935 0.834234 -0.434516 -4.21289 0.955396 1
1 -4.41069 0.839701 -0.437402 -4.18562 0.236478 1
1 1.75065 0.846615 -0.441489 -4.19968 1 0.606309
1 0.619142 0.854621 -0.446026 -4.20538 1 0.840468
1 0.0807584 0.863263 -0.450831 -4.20618 1 0.97764
1 -4.33813 0.868745 -0.453773 -4.17919 0.244293 1
1 1.85907 0.875548 -0.457857 -4.19394 1 0.586962
1 0.637913 0.883508 -0.462429 -4.1998 1 0.836028
1 -4.12139 0.889075 -0.465467 -4.17366 0.268235 1
1 -1.84667 0.895925 -0.469493 -4.15899 0.58915 1
1 3.06931 0.901835 -0.473233 -4.18046 1 0.398891
1 1.36582 0.909046 -0.477532 -4.19192 1 0.678957
1 0.463965 0.917182 -0.482219 -4.19628 1 0.878014
1 -0.11047 0.92575 -0.487074 -4.19519 0.96954 1
1 -0.188221 0.934223 -0.491884 -4.19336 0.948651 1
1 -0.22379 0.942648 -0.496685 -4.19119 0.939242 1
1 -0.33697 0.950937 -0.501426 -4.18797 0.909899 1
1 -4.47678 0.956299 -0.50443 -4.16045 0.229445 1
1 -2.09689 0.962915 -0.50843 -4.14424 0.546116 1
1 -0.667483 0.970638 -0.513328 -4.13814 0.829077 1
1 3.26578 0.976358 -0.51712 -4.16055 1 0.372486
1 1.57925 0.983304 -0.521458 -4.17348 1 0.637873
1 0.631684 0.991175 -0.526196 -4.17929 1 0.837499
1 -0.0512932 0.999727 -0.531239 -4.17878 0.98574 1
1 -0.155144 1.00816 -0.536211 -4.17726 0.957483 1
1 -0.205542 1.01652 -0.54116 -4.17526 0.944058 1
1 -0.366982 1.0247 -0.546012 -4.17177 0.902266 1
1 -0.299524 1.03294 -0.55094 -4.16889 0.919509 1
1 -4.4618 1.03825 -0.55405 -4.14143 0.231033 1
1 1.48278 1.04519 -0.558568 -4.15371 1 0.656193
1 0.568322 1.05303 -0.563499 -4.15897 1 0.852598
1 0.0998551 1.06142 -0.568687 -4.15996 1 0.972426
1 -0.282851 1.06962 -0.573723 -4.15724 0.923818 1
1 -0.261255 1.07782 -0.578798 -4.15472 0.92943 1
1 -4.44655 1.08309 -0.581987 -4.12731 0.232653 1
1 1.42079 1.09002 -0.586635 -4.13916 1 0.66818
1 0.562032 1.0978 -0.591683 -4.14437 1 0.85411
1 0.110706 1.10609 -0.596985 -4.14546 1 0.969475
1 -0.29775 1.1142 -0.602129 -4.14261 0.919966 1
1 -0.268747 1.12232 -0.607317 -4.14002 0.92748 1
1 -0.254803 1.13044 -0.612537 -4.13756 0.931113 1
1 -0.434429 1.13837 -0.617646 -4.13346 0.885334 1
1 -0.333509 1.14637 -0.62286 -4.13027 0.910783 1
1 -4.47694 1.15155 -0.626169 -4.10275 0.229429 1
1 1.3293 1.15844 -0.631035 -4.11396 1 0.686196
1 0.52478 1.16612 -0.636301 -4.11885 1 0.863118
1 0.0986268 1.1743 -0.641822 -4.11982 1 0.972761
1 -0.361049 1.1822 -0.647125 -4.11639 0.90377 1
1 -0.300812 1.19015 -0.6525 -4.1135 0.919176 1
1 -0.490029 1.19789 -0.657758 -4.10891 0.871601 1
1 -0.372418 1.20573 -0.663138 -4.10537 0.90089 1
1 -0.305125 1.21361 -0.668597 -4.10245 0.918065 1
1 -0.514008 1.22127 -0.673922 -4.09765 0.865739 1
1 -0.382901 1.22903 -0.679382 -4.09402 0.898243 1
1 -0.553571 1.23661 -0.684742 -4.08888 0.856149 1
1 -0.412095 1.2443 -0.690248 -4.08498 0.890907 1
1 -0.327449 1.25205 -0.695849 -4.08185 0.912333 1
1 -0.563123 1.25955 -0.701294 -4.07663 0.853848 1
1 -0.415968 1.26716 -0.70689 -4.0727 0.889938 1
1 -0.60329 1.27457 -0.712374 -4.06714 0.844235 1
1 -0.447189 1.28211 -0.718018 -4.06293 0.882164 1
1 -0.638489 1.28943 -0.723548 -4.05707 0.835892 1
1 -0.477962 1.29688 -0.729243 -4.05259 0.874564 1
1 -0.372986 1.3044 -0.735055 -4.04905 0.900747 1
1 -0.64758 1.31164 -0.740679 -4.04311 0.83375 1
1 -0.483098 1.319 -0.746474 -4.03858 0.873302 1
1 -0.717101 1.32612 -0.752121 -4.03207 0.817531 1
1 -0.537282 1.33336 -0.757953 -4.02707 0.860085 1
1 -0.760079 1.34038 -0.76365 -4.0202 0.807647 1
1 -0.575593 1.34752 -0.769537 -4.01487 0.850853 1
1 -0.805173 1.35443 -0.775285 -4.00764 0.79739 1
1 -0.616749 1.36146 -0.781228 -4.00196 0.841036 1
1 -0.479152 1.36857 -0.787324 -3.99747 0.874272 1
1 -0.80404 1.37538 -0.793192 -3.99024 0.797647 1
1 -0.615323 1.38231 -0.799258 -3.98458 0.841374 1
1 -0.914561 1.38895 -0.805128 -3.97647 0.772989 1
1 -0.704593 1.39572 -0.811216 -3.97006 0.820428 1
1 -0.980521 1.40222 -0.817132 -3.96144 0.758593 1
1 -0.762769 1.40885 -0.823275 -3.95454 0.807031 1
1 -1.0492 1.41521 -0.829239 -3.9454 0.74385 1
1 -0.824683 1.42169 -0.835436 -3.938 0.792989 1
1 -1.12187 1.42789 -0.84145 -3.92831 0.728515 1
1 -0.891059 1.43421 -0.847703 -3.92038 0.778176 1
1 -1.19464 1.44026 -0.85377 -3.91015 0.71343 1
1 -0.958334 1.44642 -0.860083 -3.9017 0.763409 1
1 -1.26932 1.4523 -0.866205 -3.89092 0.698218 1
1 -1.02778 1.45828 -0.872579 -3.88194 0.748422 1
1 -1.35903 1.46399 -0.878749 -3.87052 0.680298 1
1 -1.11074 1.46978 -0.885176 -3.86091 0.730848 1
1 -1.45932 1.47529 -0.891389 -3.84879 0.66071 1
1 -1.70982 1.48057 -0.897487 -3.83499 0.613718 1
1 -1.43693 1.48593 -0.903857 -3.82303 0.665043 1
1 -1.73809 1.49104 -0.910068 -3.80905 0.60858 1
1 -1.47104 1.49622 -0.91655 -3.79685 0.65845 1
1 -1.80619 1.50113 -0.922843 -3.78244 0.596339 1
1 -1.53963 1.50609 -0.929406 -3.76977 0.645347 1
1 -1.90137 1.51077 -0.935761 -3.75475 0.57954 1
1 -2.1971 1.51523 -0.941978 -3.73795 0.529527 1
1 -1.91527 1.51971 -0.948469 -3.72285 0.577116 1
1 -2.2609 1.52393 -0.954781 -3.70567 0.519149 1
1 -1.98184 1.52817 -0.961364 -3.69016 0.56561 1
1 -2.35307 1.53215 -0.967747 -3.67246 0.504405 1
1 -2.66771 1.53589 -0.97399 -3.65304 0.456156 1
1 -2.3805 1.53962 -0.980497 -3.63518 0.500071 1
1 -2.74599 1.54311 -0.986824 -3.61535 0.444629 1
1 -2.46084 1.54656 -0.993411 -3.59705 0.487523 1
1 -2.85311 1.54977 -0.999796 -3.57666 0.429147 1
1 -3.18882 1.55275 -1.00603 -3.55461 0.38271 1
1 -2.89846 1.55567 -1.01252 -3.53399 0.422694 1
1 -3.27583 1.55837 -1.01882 -3.51154 0.371163 1
1 -3.62158 1.56084 -1.02498 -3.4875 0.327122 1
1 -3.33036 1.56323 -1.03137 -3.46479 0.364023 1
1 -3.68379 1.5654 -1.0376 -3.44049 0.319496 1
1 -4.00929 1.56736 -1.0437 -3.41481 0.280983 1
1 -3.71953 1.56921 -1.05 -3.39035 0.315155 1
1 -4.06515 1.57086 -1.05616 -3.36444 0.274599 1
1 -4.38238 1.57231 -1.06219 -3.33728 0.239516 1
1 -4.09486 1.57363 -1.0684 -3.31125 0.271229 1
1 -4.40515 1.57476 -1.07449 -3.28401 0.237072 1
1 -4.6792 1.5757 -1.08045 -3.25574 0.208395 1
1 -4.39422 1.57649 -1.08659 -3.22853 0.238243 1
1 -4.69091 1.5771 -1.0926 -3.20022 0.207199 1
1 -4.93373 1.57753 -1.0985 -3.17103 0.182926 1
1 -4.65135 1.57779 -1.10455 -3.14286 0.211248 1
1 -4.88756 1.57789 -1.11048 -3.11385 0.187466 1
1 -5.08683 1.57781 -1.11632 -3.08414 0.168117 1
1 -4.80704 1.57755 -1.1223 -3.0554 0.195468 1
1 -5.00514 1.57713 -1.12816 -3.02597 0.175972 1
1 -4.72632 1.57652 -1.13415 -2.99753 0.203598 1
1 -4.91258 1.57576 -1.14002 -2.96842 0.185002 1
1 -4.63445 1.5748 -1.14601 -2.94031 0.212987 1
1 -4.81508 1.57369 -1.15188 -2.91155 0.194664 1
1 -4.53747 1.57238 -1.15785 -2.8838 0.223058 1
1 -4.69012 1.57092 -1.16371 -2.85549 0.20728 1
1 -4.41297 1.56926 -1.16966 -2.82822 0.236235 1
1 -4.56506 1.56746 -1.17549 -2.80037 0.220176 1
1 -4.28842 1.56545 -1.18141 -2.77357 0.249704 1
1 -4.4227 1.5633 -1.1872 -2.74625 0.235194 1
1 -4.14673 1.56094 -1.19307 -2.72002 0.265388 1
1 -4.27424 1.55846 -1.19881 -2.69328 0.251257 1
1 -3.99917 1.55576 -1.20462 -2.66764 0.282147 1
1 -4.10446 1.55293 -1.21031 -2.64157 0.270144 1
1 -3.83073 1.54988 -1.21606 -2.61664 0.301827 1
1 -3.92561 1.54672 -1.22169 -2.59131 0.290668 1
1 -3.65372 1.54333 -1.22737 -2.56713 0.32317 1
1 -3.74331 1.53983 -1.23292 -2.54257 0.312281 1
1 -3.47383 1.5361 -1.23852 -2.5192 0.345591 1
1 -3.54142 1.53227 -1.244 -2.49552 0.337078 1
1 -3.27524 1.5282 -1.24952 -2.47307 0.371241 1
1 -3.34074 1.52404 -1.25491 -2.45031 0.362672 1
1 -3.07863 1.51964 -1.26034 -2.42879 0.397616 1
1 -3.15047 1.51516 -1.26564 -2.40693 0.387862 1
1 -2.89306 1.51045 -1.27097 -2.38634 0.423458 1
1 -2.64247 1.5055 -1.27633 -2.36705 0.459912 1
1 -2.71573 1.50048 -1.28156 -2.34738 0.449063 1
1 -2.47034 1.49523 -1.28682 -2.32902 0.486053 1
1 -2.55981 1.48993 -1.29193 -2.31018 0.472349 1
1 -2.31971 1.4844 -1.29707 -2.29266 0.509708 1
1 -2.3852 1.47882 -1.30207 -2.27478 0.499331 1
1 -2.15206 1.473 -1.30709 -2.25825 0.536938 1
1 -2.23281 1.46715 -1.31198 -2.24124 0.523701 1
1 -2.0066 1.46107 -1.31687 -2.22557 0.561373 1
1 -1.79262 1.45477 -1.32179 -2.21124 0.598763 1
1 -1.89784 1.44847 -1.32656 -2.19625 0.580156 1
1 -1.68905 1.44195 -1.33134 -2.18259 0.617512 1
1 -1.78293 1.43543 -1.33598 -2.16832 0.600498 1
1 -1.58048 1.42869 -1.34063 -2.15538 0.637642 1
1 -1.68301 1.42197 -1.34514 -2.14176 0.618619 1
1 -1.48653 1.41503 -1.34966 -2.12945 0.655472 1
1 -1.57556 1.40811 -1.35404 -2.11654 0.638567 1
1 -1.38639 1.40098 -1.35843 -2.10493 0.674909 1
1 -1.21361 1.39365 -1.36282 -2.09456 0.70954 1
1 -1.33908 1.38638 -1.36707 -2.08328 0.68425 1
1 -1.16842 1.37891 -1.37133 -2.07324 0.718835 1
1 -1.28301 1.3715 -1.37545 -2.06236 0.695459 1
1 -1.11585 1.3639 -1.37957 -2.05271 0.729776 1
1 -1.2216 1.35635 -1.38357 -2.04228 0.707908 1
1 -1.05905 1.34861 -1.38756 -2.03306 0.741754 1
1 -0.91498 1.34069 -1.39154 -2.02495 0.772897 1
1 -1.05911 1.33288 -1.3954 -2.01572 0.741743 1
1 -0.911952 1.3249 -1.39925 -2.00764 0.773563 1
1 -1.03444 1.317 -1.40298 -1.9986 0.746997 1
1 -0.887837 1.30892 -1.4067 -1.9907 0.778889 1
1 -0.760886 1.30068 -1.41041 -1.98383 0.807462 1
1 -0.915191 1.29258 -1.414 -1.97571 0.772851 1
1 -0.780637 1.2843 -1.41759 -1.96868 0.802956 1
1 -0.908458 1.27614 -1.42106 -1.96062 0.774333 1
1 -0.77191 1.2678 -1.42451 -1.95365 0.804944 1
1 -0.656411 1.25932 -1.42796 -1.94764 0.831674 1
1 -0.828203 1.251 -1.43129 -1.94022 0.792197 1
1 -0.69928 1.24251 -1.43461 -1.93385 0.821661 1
1 -0.813601 1.23413 -1.43782 -1.92655 0.795486 1
1 -0.684081 1.22559 -1.44103 -1.9203 0.825198 1
1 -0.577287 1.2169 -1.44422 -1.91496 0.850446 1
1 -0.749515 1.2084 -1.4473 -1.90818 0.810066 1
1 -0.626107 1.19973 -1.45037 -1.90242 0.838818 1
1 -0.747998 1.19118 -1.45335 -1.89565 0.810414 1
1 -0.621766 1.18247 -1.45631 -1.88993 0.839846 1
1 -0.52045 1.17363 -1.45925 -1.88508 0.864171 1
1 -0.685826 1.16496 -1.4621 -1.87882 0.824791 1
1 -0.566676 1.15614 -1.46493 -1.87357 0.852993 1
1 -0.473309 1.14719 -1.46775 -1.86913 0.875709 1
1 -0.634476 1.13842 -1.47048 -1.86331 0.83684 1
1 -0.520564 1.1295 -1.47319 -1.85845 0.864143 1
1 -0.653968 1.12073 -1.47581 -1.85246 0.832248 1
1 -0.532101 1.11179 -1.47842 -1.84751 0.861341 1
1 -0.439742 1.10274 -1.48101 -1.84337 0.884013 1
1 -0.606109 1.09387 -1.48352 -1.83778 0.843564 1
1 -0.49005 1.08484 -1.48601 -1.8332 0.871595 1
1 -0.404768 1.07571 -1.48848 -1.82936 0.892743 1
1 -0.561625 1.06675 -1.49087 -1.82416 0.854208 1
1 -0.451019 1.05765 -1.49325 -1.81992 0.881215 1
1 -0.583925 1.0487 -1.49555 -1.81452 0.848857 1
1 -0.464178 1.03959 -1.49784 -1.81016 0.877961 1
1 -0.379855 1.03037 -1.50011 -1.80655 0.899011 1
1 -0.52595 1.02132 -1.50231 -1.80165 0.862834 1
1 -0.418009 1.01213 -1.50449 -1.7977 0.889428 1
1 -0.345434 1.00284 -1.50665 -1.79441 0.90774 1
1 -0.498674 0.993728 -1.50874 -1.78975 0.869483 1
1 -0.393455 0.98448 -1.51082 -1.78602 0.895584 1
1 -0.326013 0.97514 -1.51287 -1.7829 0.912701 1
1 -0.479321 0.965984 -1.51487 -1.77841 0.87423 1
1 -0.37453 0.956689 -1.51684 -1.77485 0.900356 1
1 -0.310945 0.947308 -1.5188 -1.77187 0.916568 1
1 -0.468612 0.938117 -1.52069 -1.76747 0.876867 1
1 -0.361511 0.928786 -1.52257 -1.76403 0.903653 1
1 -0.300218 0.91937 -1.52442 -1.76115 0.919329 1
1 -0.440862 0.910125 -1.52623 -1.757 0.883735 1
1 -0.339485 0.900747 -1.52801 -1.75376 0.909257 1
1 -0.286021 0.891295 -1.52977 -1.75101 0.922997 1
1 -0.424295 0.882012 -1.53148 -1.747 0.887859 1
1 -0.325174 0.872598 -1.53317 -1.74389 0.912916 1
1 -4.47146 0.866555 -1.53432 -1.71639 0.230009 1
1 1.53978 0.858408 -1.53546 -1.72906 1 0.645319
1 0.566842 0.849256 -1.53689 -1.73431 1 0.852954
1 0.083408 0.839502 -1.5385 -1.73514 1 0.976915
1 -0.288906 0.830023 -1.54008 -1.73236 0.922251 1
1 -0.263575 0.820506 -1.54165 -1.72982 0.928825 1
1 -4.44717 0.814435 -1.54271 -1.70241 0.232587 1
1 1.58461 0.806315 -1.54373 -1.71538 1 0.636868
1 0.588537 0.797169 -1.54503 -1.72082 1 0.847754
1 0.0928126 0.787407 -1.54651 -1.72173 1 0.974346
1 -0.261021 0.777871 -1.54797 -1.71921 0.929491 1
1 -0.251461 0.768319 -1.54941 -1.71679 0.931985 1
1 -4.44252 0.762233 -1.55039 -1.6894 0.233081 1
1 -2.09679 0.754564 -1.55136 -1.67319 0.546132 1
1 2.83813 0.747438 -1.55202 -1.6935 1 0.431293
1 1.28046 0.739016 -1.55302 -1.70436 1 0.695972
1 0.442823 0.729681 -1.55425 -1.70852 1 0.883248
1 0.0303919 0.719818 -1.55562 -1.70883 1 0.991526
1 -0.297174 0.710311 -1.55695 -1.70597 0.920115 1
1 -0.266723 0.70076 -1.55826 -1.7034 0.928006 1
1 -4.44807 0.694664 -1.55916 -1.67599 0.232491 1
1 1.66204 0.686591 -1.55996 -1.68948 1 0.622473
1 0.588885 0.677414 -1.56103 -1.69492 1 0.847671
1 0.0739549 0.667593 -1.56225 -1.69565 1 0.979505
1 -0.262654 0.658024 -1.56346 -1.69311 0.929065 1
1 -0.252379 0.648439 -1.56465 -1.69068 0.931746 1
1 -4.44286 0.642329 -1.56547 -1.66329 0.233045 1
1 -1.97732 0.634536 -1.56626 -1.6478 0.566386 1
1 3.02507 0.627527 -1.56672 -1.66905 1 0.404978
1 1.28629 0.619089 -1.56751 -1.67995 1 0.694799
1 0.395745 0.609669 -1.56852 -1.6837 1 0.895008
1 -0.147613 0.599934 -1.56963 -1.68225 0.959505 1
1 -0.204831 0.590275 -1.57072 -1.68026 0.944246 1
1 -0.231087 0.580647 -1.57179 -1.67802 0.937324 1
1 -4.43609 0.574523 -1.57254 -1.65066 0.233766 1
1 1.82018 0.566575 -1.57312 -1.66516 1 0.593847
1 0.601653 0.557391 -1.57396 -1.67071 1 0.844625
1 -4.14443 0.551103 -1.57467 -1.64449 0.265647 1
1 -1.81986 0.54316 -1.57532 -1.62998 0.593905 1
1 3.05671 0.536165 -1.57566 -1.65139 1 0.400619
1 1.34877 0.527777 -1.57629 -1.66273 1 0.68233
1 0.450036 0.518408 -1.57713 -1.66697 1 0.881459
1 0.0204527 0.508482 -1.57809 -1.66717 1 0.99429
1 -0.290902 0.498919 -1.57902 -1.66438 0.921735 1
1 -0.263673 0.489319 -1.57994 -1.66183 0.9288 1
1 -4.44668 0.48319 -1.58058 -1.63443 0.232639 1
1 1.81786 0.475231 -1.58103 -1.64892 1 0.59426
1 0.602578 0.466035 -1.58173 -1.65448 1 0.844404
1 -4.14315 0.459736 -1.58234 -1.62825 0.26579 1
1 -1.82342 0.451786 -1.58285 -1.61373 0.593271 1
1 3.04402 0.444778 -1.58308 -1.63507 1 0.402365
1 1.35031 0.436383 -1.58357 -1.64643 1 0.682025
1 0.455254 0.427007 -1.58426 -1.65071 1 0.880167
1 0.0249143 0.417074 -1.58506 -1.65096 1 0.993048
1 -0.271219 0.407472 -1.58584 -1.64834 0.926837 1
1 -0.25587 0.397847 -1.5866 -1.64587 0.930834 1
1 -4.44404 0.391707 -1.58715 -1.61848 0.23292 1
1 1.79591 0.383723 -1.58747 -1.63283 1 0.598175
1 0.605783 0.374521 -1.58802 -1.63841 1 0.843642
1 0.0584084 0.364624 -1.58868 -1.63899 1 0.983778
1 -4.35279 0.358432 -1.58919 -1.61195 0.242707 1
1 1.92861 0.350562 -1.58945 -1.62713 1 0.574796
1 0.635103 0.341392 -1.58994 -1.63296 1 0.836692
1 -4.13854 0.335079 -1.59042 -1.60676 0.266307 1
1 -1.78465 0.327085 -1.59077 -1.59248 0.600191 1
1 3.12004 0.320126 -1.59084 -1.6142 1 0.391976
1 1.35716 0.311729 -1.59116 -1.6256 1 0.680669
1 0.440722 0.302323 -1.59165 -1.62975 1 0.883769
1 0.00997272 0.292354 -1.59224 -1.62985 1 0.997212
1 -0.280831 0.28275 -1.59282 -1.62715 0.924342 1
1 -0.259614 0.273117 -1.59338 -1.62464 0.929857 1
1 -4.44526 0.266967 -1.59379 -1.59724 0.23279 1
1 1.87377 0.259047 -1.59394 -1.61209 1 0.584374
1 0.612666 0.249843 -1.5943 -1.61773 1 0.842005
1 -4.1462 0.243528 -1.59468 -1.5915 0.265448 1
1 -1.79301 0.235537 -1.5949 -1.57716 0.598694 1
1 -0.392195 0.226058 -1.59498 -1.57345 0.895901 1
1 3.39336 0.219279 -1.59492 -1.59645 1 0.355868
1 1.57362 0.211086 -1.59508 -1.60935 1 0.638932
1 0.585729 0.20185 -1.59541 -1.61476 1 0.848425
1 -0.0452936 0.191923 -1.59585 -1.61431 0.987398 1
1 -0.160576 0.182152 -1.59628 -1.61274 0.956027 1
1 -0.212299 0.17245 -1.5967 -1.61068 0.942272 1
1 -4.42893 0.166286 -1.59703 -1.58334 0.23453 1
1 1.78218 0.158283 -1.59707 -1.5976 1 0.600633
1 0.606206 0.149068 -1.59729 -1.60319 1 0.843541
1 0.0618398 0.139159 -1.59761 -1.6038 1 0.982833
1 -0.237813 0.129487 -1.59794 -1.6015 0.935558 1
1 -0.24354 0.119822 -1.59825 -1.59915 0.934057 1
1 -4.44015 0.113661 -1.59851 -1.57177 0.233334 1
1 -1.80352 0.105677 -1.59857 -1.55737 0.596815 1
1 3.13484 0.0987291 -1.5984 -1.57915 1 0.389972
1 1.27041 0.0902392 -1.59843 -1.58994 1 0.697999
1 0.351551 0.0807098 -1.5986 -1.59329 1 0.906183
1 -4.2426 0.0744403 -1.59882 -1.56667 0.254733 1
1 1.9205 0.0665599 -1.59873 -1.58181 1 0.576205
1 0.679081 0.0574284 -1.5988 -1.58801 1 0.826365
1 0.0956993 0.047562 -1.59897 -1.58895 1 0.973558
1 -4.33701 0.0413432 -1.59916 -1.56197 0.244414 1
1 1.89146 0.033438 -1.59903 -1.57692 1 0.581272
1 0.643054 0.0242639 -1.59906 -1.58282 1 0.834816
1 0.0701306 0.0143618 -1.59918 -1.58352 1 0.980554
1 -4.35015 0.0081492 -1.59934 -1.55648 0.242992 1
1 1.92722 0.000275979 -1.59917 -1.57166 1 0.575038
1 0.635952 -0.00890644 -1.59915 -1.5775 1 0.836491
1 -4.13754 -0.0152371 -1.59928 -1.5513 0.266419 1
1 -1.78715 -0.0232352 -1.59918 -1.537 0.599743 1
1 3.13001 -0.0301812 -1.59887 -1.55877 1 0.390626
1 1.3611 -0.0385793 -1.59872 -1.5702 1 0.679891
1 0.441928 -0.0479966 -1.59869 -1.57436 1 0.88347
1 0.0101564 -0.0579823 -1.59873 -1.57446 1 0.99716
1 -0.270316 -0.0676176 -1.59878 -1.57186 0.927071 1
1 -0.255547 -0.0772721 -1.5988 -1.56939 0.930918 1
1 -4.44391 -0.0834362 -1.59887 -1.542 0.232933 1
1 -1.84657 -0.0913801 -1.5987 -1.52732 0.589169 1
1 3.11404 -0.0983336 -1.59832 -1.54901 1 0.392791
1 1.26495 -0.106826 -1.59809 -1.55976 1 0.699101
1 0.351604 -0.116356 -1.59797 -1.56311 1 0.90617
1 -0.148074 -0.126153 -1.5979 -1.56166 0.959381 1
1 -0.209253 -0.135868 -1.59783 -1.55962 0.943077 1
1 -4.42858 -0.14204 -1.59784 -1.53229 0.234567 1
1 -1.90628 -0.14993 -1.5976 -1.51724 0.578682 1
1 3.10166 -0.156888 -1.59715 -1.53887 1 0.394474
1 1.29256 -0.165349 -1.59683 -1.54981 1 0.693541
1 0.381477 -0.17484 -1.59661 -1.55343 1 0.898602
1 -0.0281219 -0.184799 -1.59644 -1.55315 0.992157 1
1 -0.280696 -0.19442 -1.59629 -1.55045 0.924377 1
1 -4.45315 -0.200579 -1.59625 -1.52302 0.231951 1
1 -2.0964 -0.208304 -1.59594 -1.50681 0.546198 1
1 -0.424118 -0.217726 -1.59535 -1.50281 0.887903 1
1 3.35739 -0.224507 -1.59481 -1.52565 1 0.360513
1 1.54976 -0.232713 -1.59439 -1.53838 1 0.643431
1 0.571294 -0.241966 -1.59407 -1.54367 1 0.851884
1 -0.0485052 -0.251895 -1.5938 -1.54319 0.98651 1
1 -0.162014 -0.26167 -1.59354 -1.54161 0.955642 1
1 -0.212943 -0.271377 -1.59326 -1.53954 0.942102 1
1 -4.42919 -0.277548 -1.59316 -1.5122 0.234502 1
1 1.73327 -0.285578 -1.59263 -1.52615 1 0.609454
1 0.602075 -0.29479 -1.59219 -1.5317 1 0.844524
1 0.0692673 -0.304687 -1.5918 -1.53239 1 0.980791
1 -0.245985 -0.314347 -1.59144 -1.53001 0.933417 1
1 -0.246085 -0.324006 -1.59106 -1.52763 0.933391 1
1 -4.44079 -0.33017 -1.59088 -1.50025 0.233266 1
1 -1.89249 -0.338059 -1.59038 -1.48529 0.581092 1
1 3.1033 -0.344998 -1.58971 -1.50692 1 0.394252
1 1.28464 -0.353453 -1.58912 -1.51781 1 0.695131
1 0.373338 -0.362943 -1.5886 -1.52136 1 0.900658
1 -4.22739 -0.36922 -1.58837 -1.4948 0.256412 1
1 1.82137 -0.377161 -1.58771 -1.50931 1 0.593636
1 0.671612 -0.386282 -1.58712 -1.51545 1 0.828111
1 0.1124 -0.396112 -1.58657 -1.51656 1 0.969016
1 -4.32261 -0.402337 -1.58632 -1.48963 0.245977 1
1 1.77108 -0.410318 -1.58561 -1.50382 1 0.602627
1 0.633661 -0.419481 -1.58497 -1.50964 1 0.837032
1 0.0892603 -0.429339 -1.58436 -1.51052 1 0.975316
1 -0.255191 -0.438977 -1.58379 -1.50806 0.931011 1
1 -0.249447 -0.448621 -1.5832 -1.50565 0.932512 1
1 -4.44185 -0.454779 -1.58288 -1.47826 0.233153 1
1 -1.95131 -0.462605 -1.58222 -1.46293 0.570865 1
1 2.99649 -0.4696 -1.58138 -1.48404 1 0.408938
1 1.27554 -0.478049 -1.5806 -1.49487 1 0.696965
1 0.392796 -0.487499 -1.57987 -1.49859 1 0.89575
1 -0.148657 -0.49727 -1.57917 -1.49713 0.959225 1
1 -0.20523 -0.506965 -1.57846 -1.49514 0.944141 1
1 -4.42536 -0.513128 -1.57808 -1.46781 0.23491 1
1 -2.09669 -0.520823 -1.57734 -1.4516 0.546148 1
1 2.90015 -0.527876 -1.57643 -1.47223 1 0.422453
1 1.29665 -0.536294 -1.57555 -1.48321 1 0.69272
1 0.441446 -0.545674 -1.5747 -1.48736 1 0.88359
1 0.0250592 -0.555604 -1.57387 -1.48761 1 0.993008
1 -0.301693 -0.565167 -1.57309 -1.48472 0.918949 1
1 -0.268475 -0.57477 -1.57227 -1.48213 0.92755 1
1 -4.44861 -0.580915 -1.57181 -1.45472 0.232433 1
1 1.63129 -0.588994 -1.57081 -1.468 1 0.628159
1 0.581488 -0.59819 -1.56984 -1.47337 1 0.84944
1 0.0744957 -0.60804 -1.56887 -1.47411 1 0.979357
1 -0.274546 -0.617626 -1.56796 -1.47147 0.925972 1
1 -0.257225 -0.627232 -1.56701 -1.46899 0.930481 1
1 -4.4446 -0.633372 -1.56647 -1.44159 0.23286 1
1 1.65362 -0.641417 -1.56537 -1.45501 1 0.624026
1 0.597066 -0.650581 -1.56428 -1.46052 1 0.845718
1 0.0836174 -0.660405 -1.56319 -1.46135 1 0.976858
1 -4.33186 -0.666601 -1.56259 -1.43439 0.244973 1
1 1.67038 -0.674622 -1.56143 -1.44792 1 0.620938
1 0.617395 -0.683754 -1.56028 -1.45361 1 0.840883
1 0.0986708 -0.69355 -1.55912 -1.45458 1 0.972749
1 -0.281251 -0.703107 -1.55802 -1.45187 0.924233 1
1 -0.26017 -0.712689 -1.55689 -1.44936 0.929712 1
1 -4.44581 -0.718817 -1.55622 -1.42196 0.232732 1
1 1.53824 -0.726946 -1.55495 -1.43462 1 0.645611
1 0.578706 -0.736108 -1.55367 -1.43997 1 0.850106
1 0.0953055 -0.745891 -1.55238 -1.44091 1 0.973666
1 -0.281395 -0.755433 -1.55115 -1.4382 0.924196 1
1 -0.260476 -0.764998 -1.54988 -1.43569 0.929633 1
1 -4.44613 -0.771116 -1.54914 -1.40829 0.232697 1
1 -2.19184 -0.778677 -1.54796 -1.39152 0.530389 1
1 2.67765 -0.785821 -1.5466 -1.41099 1 0.454682
1 1.25139 -0.794214 -1.5452 -1.42164 1 0.701845
1 0.460854 -0.803501 -1.54378 -1.42597 1 0.878782
1 -0.157123 -0.813184 -1.54238 -1.42443 0.956952 1
1 -0.20217 -0.822806 -1.54097 -1.42247 0.944951 1
1 -0.225476 -0.832395 -1.53955 -1.42028 0.938799 1
1 -0.439827 -0.841712 -1.53815 -1.41614 0.883992 1
1 -0.337419 -0.851149 -1.5367 -1.41292 0.909784 1
1 -0.437064 -0.860458 -1.53523 -1.4088 0.884679 1
1 -0.337633 -0.869884 -1.53371 -1.40557 0.90973 1
1 -0.28523 -0.879371 -1.53214 -1.40283 0.923202 1
1 -0.428298 -0.888676 -1.53058 -1.39879 0.886861 1
1 -0.330317 -0.898096 -1.52896 -1.39563 0.911599 1
1 -4.47547 -0.904163 -1.52797 -1.36812 0.229585 1
1 1.32269 -0.912419 -1.52623 -1.37928 1 0.687511
1 0.52864 -0.921555 -1.52443 -1.3842 1 0.862181
1 0.104552 -0.931239 -1.5226 -1.38523 1 0.971148
1 -0.327244 -0.940639 -1.52085 -1.3821 0.912386 1
1 -0.283897 -0.950089 -1.51906 -1.37937 0.923547 1
1 -0.261691 -0.959561 -1.51724 -1.37685 0.929316 1
1 -0.487831 -0.968751 -1.51545 -1.37228 0.87214 1
1 -0.364644 -0.978081 -1.51359 -1.36881 0.902859 1
1 -0.497771 -0.987244 -1.51174 -1.36416 0.869704 1
1 -0.374025 -0.996548 -1.50981 -1.3606 0.900484 1
1 -0.304463 -1.00593 -1.50782 -1.35768 0.918236 1
1 -0.51525 -1.01505 -1.50587 -1.35288 0.865437 1
1 -0.382094 -1.02432 -1.50383 -1.34925 0.898446 1
1 -0.528762 -1.03341 -1.50181 -1.34433 0.862151 1
1 -0.395372 -1.04265 -1.4997 -1.34058 0.895102 1
1 -0.317367 -1.05197 -1.49753 -1.33754 0.914918 1
1 -0.541575 -1.06102 -1.4954 -1.33251 0.859046 1
1 -0.401273 -1.07023 -1.49318 -1.32871 0.89362 1
1 -0.568832 -1.07923 -1.49099 -1.32344 0.852475 1
1 -0.423659 -1.08838 -1.48869 -1.31944 0.888017 1
1 -0.335149 -1.09764 -1.48633 -1.31624 0.910364 1
1 -0.597148 -1.10658 -1.48403 -1.31073 0.845698 1
1 -0.440072 -1.11568 -1.48163 -1.30658 0.883931 1
1 -0.625981 -1.12457 -1.47926 -1.30083 0.838848 1
1 -0.464502 -1.13362 -1.47677 -1.29647 0.877881 1
1 -0.673886 -1.14242 -1.47432 -1.29031 0.827579 1
1 -0.504635 -1.15141 -1.47176 -1.28559 0.868026 1
1 -0.391439 -1.16051 -1.46911 -1.28188 0.896091 1
1 -0.656907 -1.16929 -1.46652 -1.27587 0.831557 1
1 -0.491481 -1.17825 -1.46383 -1.27127 0.871245 1
1 -0.739174 -1.18692 -1.46118 -1.26457 0.812441 1
1 -0.55448 -1.19578 -1.45841 -1.25943 0.855929 1
1 -0.786502 -1.20436 -1.45568 -1.25234 0.801623 1
1 -0.596099 -1.21313 -1.45281 -1.24684 0.845948 1
1 -0.81399 -1.22165 -1.44998 -1.23953 0.795399 1
1 -0.623659 -1.23036 -1.44702 -1.2338 0.839398 1
1 -0.86273 -1.23879 -1.4441 -1.2261 0.784468 1
1 -0.668052 -1.24741 -1.44104 -1.21999 0.828944 1
1 -0.521624 -1.25617 -1.43786 -1.21513 0.863885 1
1 -0.855516 -1.26455 -1.43478 -1.20749 0.786077 1
1 -0.661811 -1.27311 -1.43155 -1.20143 0.830406 1
1 -0.950965 -1.28136 -1.4284 -1.19304 0.765015 1
1 -0.739897 -1.28979 -1.42509 -1.18633 0.812274 1
1 -1.03644 -1.2979 -1.42185 -1.17728 0.74657 1
1 -0.813561 -1.30621 -1.41844 -1.16998 0.795496 1
1 -1.10236 -1.3142 -1.41509 -1.16043 0.732607 1
1 -0.873126 -1.32238 -1.41157 -1.15265 0.782154 1
1 -1.17729 -1.33025 -1.40812 -1.14254 0.717003 1
1 -0.941216 -1.3383 -1.40449 -1.13423 0.767143 1
1 -1.24774 -1.34603 -1.40093 -1.1236 0.702585 1
1 -1.00629 -1.35395 -1.39717 -1.11478 0.753031 1
1 -1.31689 -1.36155 -1.3935 -1.10366 0.688669 1
1 -1.54701 -1.36892 -1.38984 -1.09095 0.643951 1
1 -1.28202 -1.37646 -1.38597 -1.08008 0.695658 1
1 -1.56494 -1.38372 -1.38215 -1.06724 0.640565 1
1 -1.30684 -1.39114 -1.37811 -1.0562 0.690679 1
1 -1.61584 -1.39827 -1.37415 -1.04302 0.631031 1
1 -1.3592 -1.40555 -1.36996 -1.0316 0.680266 1
1 -1.70339 -1.41251 -1.36586 -1.01784 0.614889 1
1 -1.44373 -1.41961 -1.36153 -1.00583 0.663725 1
1 -1.79249 -1.42639 -1.3573 -0.991506 0.598786 1
1 -2.07932 -1.43291 -1.35311 -0.975401 0.549062 1
1 -1.80157 -1.43955 -1.34868 -0.961014 0.597164 1
1 -2.13415 -1.4459 -1.34432 -0.944582 0.539905 1
1 -1.85904 -1.45236 -1.33972 -0.929831 0.586968 1
1 -2.22998 -1.45851 -1.33522 -0.912836 0.524161 1
1 -2.52955 -1.4644 -1.33076 -0.894156 0.476955 1
1 -2.24441 -1.47037 -1.32604 -0.877078 0.521819 1
1 -2.60402 -1.47605 -1.32141 -0.857995 0.465671 1
1 -2.32085 -1.4818 -1.31652 -0.840478 0.509527 1
1 -2.68987 -1.48726 -1.31173 -0.820938 0.452873 1
1 -3.03953 -1.49244 -1.30701 -0.799616 0.402983 1
1 -2.74997 -1.49767 -1.30203 -0.779761 0.444047 1
1 -3.11398 -1.50262 -1.29713 -0.758075 0.392799 1
1 -3.43976 -1.50732 -1.29228 -0.734858 0.349923 1
1 -3.14907 -1.51203 -1.28718 -0.713002 0.388051 1
1 -3.5173 -1.51647 -1.28217 -0.689435 0.340103 1
1 -3.84181 -1.52067 -1.2772 -0.664453 0.300514 1
1 -3.55208 -1.52485 -1.27199 -0.64073 0.335745 1
1 -3.90219 -1.52878 -1.26686 -0.615494 0.293404 1
1 -4.21813 -1.53248 -1.26177 -0.588974 0.257436 1
1 -3.93052 -1.53613 -1.25645 -0.56362 0.290096 1
1 -4.25161 -1.53955 -1.2512 -0.536968 0.253741 1
1 -4.5468 -1.54275 -1.24599 -0.509185 0.222081 1
1 -4.26173 -1.54587 -1.24057 -0.482493 0.252629 1
1 -4.56206 -1.54878 -1.2352 -0.454654 0.220488 1
1 -4.83266 -1.55147 -1.22988 -0.425829 0.19291 1
1 -4.5502 -1.55407 -1.22435 -0.398034 0.221726 1
1 -4.80485 -1.55647 -1.21888 -0.369308 0.195686 1
1 -5.02704 -1.55867 -1.21344 -0.339803 0.173856 1
1 -4.74715 -1.56075 -1.2078 -0.311285 0.201489 1
1 -4.96707 -1.56264 -1.20221 -0.281987 0.17967 1
1 -4.68812 -1.5644 -1.19644 -0.253683 0.207484 1
1 -4.89851 -1.56597 -1.19072 -0.224625 0.186387 1
1 -4.62013 -1.56741 -1.18482 -0.196571 0.214463 1
1 -4.82182 -1.56866 -1.17898 -0.167785 0.193991 1
1 -4.97443 -1.56973 -1.17319 -0.138461 0.178953 1
1 -4.69739 -1.57065 -1.16722 -0.110124 0.206538 1
1 -4.84419 -1.57139 -1.16131 -0.0812579 0.191763 1
1 -4.56801 -1.57197 -1.15524 -0.0533961 0.219868 1
1 -4.69852 -1.57237 -1.14922 -0.025054 0.206423 1
1 -4.42325 -1.57261 -1.14305 0.00226255 0.235136 1
1 -4.53906 -1.57268 -1.13694 0.0300164 0.222891 1
1 -4.26487 -1.57258 -1.13068 0.0567206 0.252284 1
1 -4.381 -1.57231 -1.12448 0.0838754 0.239664 1
1 -4.10814 -1.57186 -1.11815 0.109957 0.269729 1
1 -4.18619 -1.57125 -1.11188 0.13635 0.260981 1
1 -3.91514 -1.57046 -1.10547 0.16164 0.291889 1
1 -4.00708 -1.56951 -1.09913 0.18731 0.281238 1
1 -3.73824 -1.56836 -1.09267 0.211849 0.312893 1
1 -3.47233 -1.56703 -1.08607 0.235214 0.345781 1
1 -3.56487 -1.56555 -1.07957 0.258995 0.33415 1
1 -3.3013 -1.56387 -1.07294 0.281573 0.367818 1
1 -3.39046 -1.56206 -1.0664 0.304564 0.356241 1
1 -3.12986 -1.56005 -1.05975 0.326327 0.390646 1
1 -3.21082 -1.55791 -1.05319 0.348478 0.379772 1
1 -2.95398 -1.55556 -1.04651 0.369375 0.41487 1
1 -3.022 -1.5531 -1.03993 0.390611 0.405402 1
1 -2.76993 -1.55042 -1.03324 0.41057 0.44114 1
1 -2.82829 -1.54763 -1.02665 0.430831 0.432705 1
1 -2.58204 -1.54462 -1.01995 0.449795 0.468983 1
1 -2.34424 -1.54141 -1.01314 0.467445 0.505805 1
1 -2.43194 -1.53811 -1.00645 0.485588 0.492012 1
1 -2.1994 -1.5346 -0.999655 0.502404 0.529151 1
1 -2.28861 -1.53101 -0.992986 0.519736 0.514686 1
1 -2.06184 -1.52721 -0.98622 0.535736 0.552002 1
1 -2.13078 -1.52333 -0.979565 0.552148 0.540465 1
1 -1.91143 -1.51924 -0.972817 0.567227 0.577785 1
1 -1.70473 -1.51495 -0.965979 0.58099 0.614645 1
1 -1.81991 -1.51063 -0.959286 0.595494 0.593896 1
1 -1.61738 -1.5061 -0.952505 0.608681 0.630745 1
1 -1.71481 -1.50153 -0.945858 0.62251 0.612808 1
1 -1.51811 -1.49677 -0.939128 0.63503 0.649436 1
1 -1.60672 -1.49197 -0.932524 0.648147 0.632732 1
1 -1.41687 -1.48697 -0.925842 0.65997 0.668945 1
1 -1.50994 -1.48195 -0.919289 0.672434 0.650993 1
1 -1.32678 -1.47673 -0.912662 0.683624 0.686697 1
1 -1.16014 -1.47133 -0.905966 0.693604 0.72055 1
1 -1.28155 -1.46595 -0.899417 0.70447 0.695753 1
1 -1.11697 -1.46038 -0.892801 0.714129 0.729541 1
1 -1.21972 -1.45482 -0.886317 0.724548 0.708291 1
1 -1.05952 -1.44908 -0.87977 0.733774 0.741655 1
1 -0.917296 -1.44317 -0.873164 0.741903 0.772387 1
1 -1.05859 -1.43731 -0.866717 0.751123 0.741852 1
1 -0.913281 -1.43129 -0.860212 0.75922 0.773271 1
1 -1.03474 -1.42531 -0.853849 0.768258 0.746932 1
1 -0.889708 -1.41915 -0.84743 0.77617 0.778475 1
1 -0.763887 -1.41285 -0.840962 0.783071 0.806776 1
1 -0.902031 -1.40661 -0.834644 0.79108 0.775751 1
1 -0.770865 -1.40021 -0.828275 0.798038 0.805183 1
1 -0.900313 -1.39388 -0.82205 0.806033 0.77613 1
1 -0.766289 -1.38738 -0.815775 0.812953 0.806227 1
1 -0.652825 -1.38075 -0.809457 0.818935 0.832516 1
1 -0.801635 -1.3742 -0.803293 0.826142 0.798191 1
1 -0.678376 -1.36751 -0.797083 0.832338 0.82653 1
1 -0.801488 -1.36088 -0.791006 0.839544 0.798224 1
1 -0.675056 -1.3541 -0.784884 0.845712 0.827305 1
1 -0.570802 -1.34718 -0.778725 0.850997 0.852002 1
1 -0.71382 -1.34037 -0.772709 0.857487 0.81829 1
1 -0.598196 -1.3334 -0.766652 0.863007 0.845448 1
1 -0.715433 -1.32652 -0.76072 0.86951 0.817916 1
1 -0.596336 -1.31948 -0.754746 0.875014 0.845892 1
1 -0.501115 -1.31232 -0.748739 0.879696 0.868886 1
1 -0.641927 -1.30527 -0.74287 0.885586 0.835082 1
1 -0.532821 -1.29808 -0.736963 0.890544 0.861166 1
1 -0.447934 -1.29078 -0.731029 0.894759 0.88198 1
1 -0.5953 -1.28359 -0.725234 0.900255 0.846139 1
1 -0.490939 -1.27628 -0.719403 0.904848 0.871378 1
1 -0.611628 -1.26905 -0.713691 0.910482 0.842252 1
1 -0.500031 -1.26168 -0.707942 0.915155 0.869151 1
1 -0.416272 -1.2542 -0.702166 0.919089 0.889862 1
1 -0.543744 -1.24683 -0.696511 0.924141 0.858522 1
1 -0.444153 -1.23933 -0.690823 0.928323 0.882918 1
1 -0.372278 -1.23173 -0.685115 0.931861 0.900926 1
1 -0.518861 -1.22426 -0.679537 0.936699 0.864557 1
1 -0.420098 -1.21666 -0.673926 0.940666 0.888906 1
1 -0.351447 -1.20897 -0.668297 0.944016 0.90621 1
1 -0.491585 -1.2014 -0.662792 0.948615 0.871219 1
1 -0.39475 -1.19371 -0.657255 0.952356 0.895258 1
1 -0.330548 -1.18593 -0.651701 0.955515 0.91154 1
1 -0.467539 -1.17828 -0.646267 0.959903 0.877132 1
1 -0.372091 -1.17051 -0.640802 0.96344 0.900973 1
1 -0.312377 -1.16265 -0.635322 0.966433 0.916199 1
1 -0.450903 -1.15492 -0.629961 0.970674 0.881244 1
1 -0.35471 -1.14706 -0.624567 0.974054 0.90538 1
1 -0.298487 -1.13913 -0.619162 0.976919 0.919776 1
1 -0.424706 -1.13132 -0.613864 0.980927 0.887756 1
1 -0.33277 -1.12339 -0.608537 0.984107 0.910972 1
1 -0.283726 -1.11539 -0.603201 0.986836 0.923592 1
1 -0.392394 -1.10749 -0.59796 0.990555 0.895851 1
1 -0.309643 -1.09948 -0.592694 0.993523 0.916902 1
1 -4.46489 -1.09437 -0.589265 1.021 0.230705 1
1 1.63997 -1.08741 -0.585062 1.00766 1 0.626551
1 0.586086 -1.07958 -0.58015 1.00224 1 0.84834
1 0.0766778 -1.07124 -0.574826 1.00149 1 0.978758
1 -0.25092 -1.06311 -0.569609 1.00391 0.932127 1
1 -0.247746 -1.05496 -0.564409 1.0063 0.932957 1
1 -4.44126 -1.0498 -0.561039 1.03369 0.233215 1
1 -1.9523 -1.04308 -0.556969 1.04902 0.570694 1
1 -1.10704 -1.0356 -0.552618 1.05861 0.731623 1
1 3.87276 -1.02991 -0.549511 1.03349 1 0.29686
1 1.79032 -1.02301 -0.545468 1.01918 1 0.599175
1 0.477358 -1.01501 -0.540574 1.0147 1 0.874713
1 0.0816505 -1.00661 -0.535358 1.0139 1 0.977396
1 -0.112884 -0.99826 -0.53015 1.01501 0.968884 1
1 -0.196788 -0.989998 -0.525008 1.01692 0.946377 1
1 -0.323049 -0.981868 -0.519963 1.02001 0.91346 1
1 -4.46909 -0.976672 -0.516672 1.04751 0.23026 1
1 -2.09643 -0.970007 -0.512754 1.06371 0.546192 1
1 3.14 -0.963898 -0.509447 1.0419 1 0.389275
1 1.3301 -0.956596 -0.505235 1.03069 1 0.686037
1 0.408193 -0.948474 -0.500386 1.02683 1 0.891884
1 -0.0129604 -0.939933 -0.495219 1.02696 0.996378 1
1 -0.256818 -0.931679 -0.490214 1.02944 0.930587 1
1 -4.44442 -0.92644 -0.486966 1.05683 0.232879 1
1 -1.97807 -0.919651 -0.483063 1.07232 0.566256 1
1 -0.425568 -0.911371 -0.478535 1.07634 0.887541 1
1 3.50169 -0.905427 -0.47542 1.05284 1 0.342069
1 1.55877 -0.89827 -0.471401 1.04005 1 0.64173
1 0.538461 -0.890238 -0.466715 1.03504 1 0.8598
1 0.0520502 -0.8817 -0.461649 1.03452 1 0.985531
1 -0.240756 -0.87339 -0.456696 1.03685 0.934786 1
1 -4.43868 -0.868125 -0.453485 1.06423 0.23349 1
1 -2.09642 -0.861395 -0.44968 1.08043 0.546194 1
1 3.2593 -0.855302 -0.446514 1.05805 1 0.373341
1 1.35649 -0.847955 -0.442433 1.04665 1 0.680802
1 0.402514 -0.839751 -0.437711 1.04284 1 0.893308
1 -0.0235342 -0.831141 -0.432689 1.04308 0.993432 1
1 -0.239508 -0.822788 -0.427807 1.0454 0.935113 1
1 -4.43873 -0.817495 -0.424641 1.07277 0.233485 1
1 -1.85415 -0.810548 -0.420797 1.08749 0.58783 1
1 -0.307732 -0.802066 -0.41633 1.09044 0.917394 1
1 3.57203 -0.796118 -0.41332 1.06663 1 0.333258
1 1.51137 -0.788867 -0.409378 1.05416 1 0.650721
1 0.47168 -0.7807 -0.404762 1.04973 1 0.876111
1 0.00318047 -0.772031 -0.399787 1.0497 1 0.99911
1 -0.233127 -0.763638 -0.394956 1.05196 0.936788 1
1 -4.43682 -0.758324 -0.391824 1.07932 0.233689 1
1 -1.82601 -0.75133 -0.388015 1.09387 0.592812 1
1 -0.282895 -0.74279 -0.383588 1.09659 0.923807 1
1 -0.571219 -0.734564 -0.379338 1.10188 0.851902 1
1 4.01481 -0.728817 -0.376518 1.07618 1 0.28035
1 1.82101 -0.721776 -0.372787 1.06166 1 0.593701
1 0.661416 -0.713771 -0.36835 1.05561 1 0.830499
1 0.0225633 -0.705096 -0.363439 1.05539 1 0.993702
1 -0.14919 -0.696576 -0.358605 1.05685 0.959081 1
1 -4.40895 -0.691234 -0.355492 1.08411 0.236664 1
1 -1.91789 -0.684294 -0.351753 1.09923 0.57666 1
1 -0.774587 -0.676271 -0.347626 1.10622 0.804334 1
1 3.99954 -0.670504 -0.344828 1.08058 1 0.282104
1 1.73656 -0.663381 -0.34109 1.06661 1 0.608857
1 0.579954 -0.655271 -0.336644 1.06124 1 0.849808
1 -0.0155088 -0.646561 -0.331776 1.0614 0.995667 1
1 -0.170393 -0.638038 -0.327006 1.06306 0.953402 1
1 -4.41858 -0.632681 -0.323929 1.09036 0.235634 1
1 -1.76913 -0.625599 -0.320174 1.10454 0.602977 1
1 -0.626208 -0.617399 -0.316017 1.1103 0.838795 1
1 -0.146885 -0.608624 -0.311657 1.11174 0.959701 1
1 4.04687 -0.602866 -0.308902 1.08591 1 0.276681
1 1.79937 -0.595772 -0.30523 1.07153 1 0.597557
1 0.541299 -0.5876 -0.3008 1.0665 1 0.859113
1 0.0676776 -0.578926 -0.296017 1.06583 1 0.981228
1 -0.140216 -0.570345 -0.291266 1.06721 0.961495 1
1 -0.237926 -0.561875 -0.286586 1.06951 0.935528 1
1 -4.43864 -0.556507 -0.283549 1.09688 0.233494 1
1 -1.73871 -0.549377 -0.279828 1.11087 0.608468 1
1 -0.206095 -0.540672 -0.275505 1.11287 0.943912 1
1 -0.135518 -0.531872 -0.271161 1.1142 0.962761 1
1 3.77239 -0.525964 -0.268348 1.08951 1 0.308785
1 1.60393 -0.5187 -0.264616 1.07642 1 0.633252
1 0.50955 -0.510473 -0.260206 1.07166 1 0.866826
1 0.0161405 -0.501713 -0.255431 1.0715 1 0.995491
1 -0.206348 -0.493185 -0.250769 1.0735 0.943845 1
1 -4.43003 -0.487801 -0.247751 1.10085 0.234412 1
1 -1.68036 -0.480609 -0.244036 1.11445 0.619106 1
1 -0.064687 -0.471714 -0.239666 1.11509 0.98205 1
1 -0.500175 -0.463332 -0.235533 1.11976 0.869116 1
1 -0.145355 -0.454514 -0.231255 1.12119 0.960112 1
1 4.04696 -0.44873 -0.228555 1.09536 1 0.276671
1 1.83457 -0.44163 -0.224965 1.08076 1 0.591293
1 0.604186 -0.433483 -0.220648 1.07519 1 0.844022
1 0.0951248 -0.424799 -0.215959 1.07425 1 0.973715
1 -0.129742 -0.416167 -0.211275 1.07552 0.96432 1
1 -0.22647 -0.407644 -0.206659 1.07772 0.938537 1
1 -4.43566 -0.40225 -0.203665 1.10508 0.233812 1
1 -1.66387 -0.395028 -0.199974 1.11858 0.622136 1
1 -0.0620689 -0.386112 -0.195639 1.11919 0.98277 1
1 -0.251178 -0.377425 -0.191413 1.12162 0.932059 1
1 3.47306 -0.371331 -0.188562 1.09825 1 0.345688
1 1.52189 -0.363967 -0.184856 1.08571 1 0.648717
1 0.508984 -0.355699 -0.180523 1.08095 1 0.866964
1 0.0337972 -0.346916 -0.175842 1.08062 1 0.990581
1 -0.161921 -0.338292 -0.171231 1.0822 0.955667 1
1 -0.227118 -0.32974 -0.166673 1.0844 0.938367 1
1 -0.359107 -0.32133 -0.162208 1.08782 0.904263 1
1 -0.394896 -0.312946 -0.157791 1.09156 0.895222 1
1 -0.347118 -0.304491 -0.15338 1.09487 0.907311 1
1 -0.282358 -0.295947 -0.148961 1.09759 0.923946 1
1 -0.219076 -0.287315 -0.14453 1.09972 0.940484 1
1 -0.164314 -0.278608 -0.140087 1.10132 0.955027 1
1 -0.12025 -0.26984 -0.135632 1.10251 0.966887 1
1 -0.55102 -0.261567 -0.131421 1.10762 0.856764 1
1 0.117131 -0.252762 -0.12703 1.10647 1 0.967733
1 -0.0669703 -0.243906 -0.12259 1.10713 0.981422 1
1 -0.00922619 -0.234973 -0.118123 1.10722 0.99742 1
1 -0.0342272 -0.226072 -0.113672 1.10756 0.990462 1
1 -0.0311382 -0.217165 -0.109221 1.10787 0.991319 1
1 -0.0388514 -0.208267 -0.104778 1.10826 0.98918 1
1 0.670817 -0.200074 -0.100724 1.10213 1 0.828297
1 0.110552 -0.191285 -0.0962808 1.10104 1 0.969517
1 -0.0657597 -0.182451 -0.0917925 1.10169 0.981755 1
1 -0.0913483 -0.173646 -0.0873248 1.10259 0.974745 1
1 -0.539739 -0.16536 -0.0831082 1.10761 0.859491 1
1 0.115199 -0.156553 -0.0787161 1.10648 1 0.968256
1 -0.0664867 -0.147696 -0.0742763 1.10714 0.981555 1
1 -0.00951799 -0.138764 -0.0698096 1.10723 0.997339 1
1 -0.0342733 -0.129863 -0.0653581 1.10757 0.990449 1
1 -0.0312955 -0.120956 -0.0609078 1.10788 0.991275 1
1 -0.0389961 -0.112058 -0.0564648 1.10827 0.98914 1
1 0.673505 -0.103867 -0.0524124 1.10212 1 0.827668
1 0.111168 -0.09508 -0.0479694 1.10102 1 0.96935
1 -0.0659691 -0.0862464 -0.043481 1.10168 0.981698 1
0 0 -0.0862464 -0.043481 1.10168 0 0
