1 -2.91097 0 0 0 1 0.172395
1 -2.91097 0 0 0 1 0.172395
1 -2.91097 0 0 0 1 0.172395
1 -2.91097 0 0 0 1 0.172395
1 -4.12371 0.0166676 -0.000207712 0.0481671 1 0
1 -4.12371 0.0379108 -0.00172284 0.116832 1 0
1 -4.12371 0.0654911 -0.00664773 0.218486 1 0
1 -4.12371 0.0882397 -0.0144727 0.326057 1 0
1 -4.12371 0.103866 -0.0215817 0.404081 1 0
1 -4.12371 0.125279 -0.0336255 0.514412 1 0
1 -2.63497 0.145488 -0.0480753 0.626545 1 0.220271
1 -1.81203 0.157934 -0.0587607 0.700629 1 0.389452
1 -0.813395 0.177492 -0.0761132 0.805925 1 0.670497
1 -0.175934 0.204524 -0.0934865 0.877759 1 0.918163
1 0.122606 0.226839 -0.10601 0.912663 0.942253 1
1 0.372637 0.268758 -0.125034 0.94001 0.834249 1
1 0.437299 0.317032 -0.140209 0.937213 0.808245 1
1 0.452137 0.348873 -0.148124 0.929457 0.802381 1
1 0.410486 0.395153 -0.154853 0.908276 0.818938 1
1 0.370297 0.44153 -0.159305 0.886784 0.835204 1
1 0.347765 0.488595 -0.161557 0.864919 0.844452 1
1 0.330517 0.519495 -0.163067 0.852812 0.851594 1
1 0.329589 0.566618 -0.163417 0.833694 0.85198 1
1 0.322663 0.613133 -0.16303 0.816528 0.854865 1
1 0.312102 0.644498 -0.161875 0.805043 0.859281 1
1 0.33397 0.691007 -0.158642 0.787852 0.85016 1
1 0.346184 0.737704 -0.155728 0.772948 0.845104 1
1 0.374246 0.768271 -0.152383 0.762457 0.833593 1
1 0.388338 0.814642 -0.145556 0.746024 0.827866 1
1 0.418039 0.845408 -0.138799 0.733768 0.815913 1
1 0.47196 0.890653 -0.126824 0.715147 0.794607 1
1 0.489604 0.935112 -0.110354 0.694165 0.787743 1
1 0.535575 0.96378 -0.0983549 0.680318 0.770104 1
1 0.562256 1.0068 -0.0759477 0.657185 0.760026 1
1 0.648903 1.04833 -0.0477541 0.631256 0.728072 1
1 0.722373 1.07543 -0.0274104 0.613754 0.701873 1
1 0.776323 1.11509 0.00742259 0.585724 0.683136 1
1 0.92359 1.15203 0.0511226 0.553194 0.634026 1
1 1.04746 1.17558 0.0839963 0.5299 0.594885 1
1 1.14619 1.20779 0.139751 0.4921 0.565004 1
1 1.39551 1.23462 0.207049 0.448432 0.494308 1
1 1.59762 1.2502 0.256152 0.417357 0.441522 1
1 1.76601 1.26825 0.339242 0.365684 0.400309 1
1 2.35767 1.27631 0.436448 0.305634 0.272479 1
1 2.63404 1.27655 0.507476 0.261333 0.220439 1
1 3.0285 1.26714 0.6187 0.190108 0.153129 1
1 3.52517 1.23713 0.74602 0.103096 0.0782524 1
1 3.82242 1.20842 0.827755 0.0419022 0.0379165 1
1 4.12371 1.14941 0.941537 -0.0560354 0 1
1 4.12371 1.06815 1.03683 -0.162798 0 1
1 4.12371 1.00384 1.08263 -0.236584 0 1
1 4.12371 0.895377 1.11779 -0.348481 0 1
1 4.12371 0.773707 1.10901 -0.462093 0 1
1 4.12371 0.689211 1.07889 -0.535929 0 1
1 4.12371 0.552829 0.996258 -0.648932 0 1
1 4.12371 0.411008 0.873469 -0.760729 0 1
1 4.12371 0.31195 0.769252 -0.836454 0 1
1 2.32908 0.16257 0.588525 -0.948288 0.278117 1
1 1.06854 0.0122105 0.3835 -1.05938 0.588409 1
1 0.67547 -0.0744215 0.253367 -1.12609 0.718506 1
1 0.391358 -0.150507 0.120911 -1.1963 0.826644 1
1 0.26451 -0.162635 0.07138 -1.23089 0.879446 1
1 0.196081 -0.15851 0.0553137 -1.24704 0.909217 1
1 0.132695 -0.139619 0.0488113 -1.26421 0.937649 1
1 0.0993461 -0.110026 0.0568229 -1.27573 0.952951 1
1 0.0861027 -0.0876155 0.0663576 -1.2816 0.959094 1
1 0.0874577 -0.0461561 0.0905841 -1.28624 0.958464 1
1 0.0884691 -0.0050376 0.114892 -1.2911 0.957994 1
1 0.0898155 0.0220015 0.131214 -1.29423 0.957368 1
1 0.0967579 0.0646429 0.158135 -1.29817 0.954148 1
1 0.0998613 0.105589 0.183653 -1.30306 0.952712 1
1 0.101933 0.132234 0.200468 -1.30635 0.951755 1
1 0.108836 0.174021 0.227682 -1.31085 0.948572 1
1 0.11202 0.213981 0.253602 -1.31626 0.947107 1
1 0.116064 0.24133 0.271804 -1.31968 0.94525 1
1 0.117023 0.279681 0.297179 -1.32586 0.94481 1
1 0.121564 0.318908 0.323977 -1.33165 0.94273 1
1 0.123821 0.344929 0.341973 -1.33587 0.941698 1
1 0.128634 0.383988 0.369544 -1.34221 0.9395 1
1 0.131324 0.421456 0.396461 -1.34918 0.938274 1
1 0.135344 0.446636 0.414989 -1.35359 0.936444 1
1 0.144846 0.484859 0.443719 -1.35994 0.932133 1
1 0.149426 0.521034 0.471476 -1.36756 0.930063 1
1 0.153968 0.545061 0.490337 -1.37262 0.928013 1
1 0.168086 0.582206 0.520077 -1.37943 0.921671 1
1 0.178178 0.617299 0.549022 -1.38746 0.917163 1
1 0.181529 0.639394 0.567864 -1.3937 0.915671 1
1 0.192437 0.673615 0.597741 -1.40295 0.910829 1
1 0.205338 0.705908 0.626963 -1.41231 0.905135 1
1 0.215805 0.726999 0.64664 -1.41876 0.90054 1
1 0.232992 0.757363 0.676047 -1.42899 0.893042 1
1 0.254342 0.786877 0.706015 -1.44 0.883811 1
1 0.274173 0.806386 0.7265 -1.44754 0.875316 1
1 0.29579 0.83148 0.755531 -1.46087 0.866143 1
1 0.328754 0.854902 0.784433 -1.47457 0.852327 1
1 0.358727 0.869524 0.803817 -1.48429 0.839941 1
1 0.432997 0.890903 0.833768 -1.49942 0.809952 1
1 0.540979 0.907996 0.862741 -1.51691 0.768054 1
1 0.643937 0.915896 0.880788 -1.53018 0.729872 1
1 0.860514 0.918806 0.90406 -1.55437 0.654705 1
1 1.43474 0.910122 0.922793 -1.58445 0.483762 1
1 2.74736 0.898304 0.932592 -1.60706 0.200311 1
1 0.763462 0.843806 0.928663 -1.65901 0.687565 1
1 -1.61709 0.775437 0.908349 -1.70838 1 0.436634
1 -2.61293 0.67165 0.877518 -1.78145 1 0.224264
1 -0.295379 0.725736 0.93253 -1.77465 1 0.866317
1 1.22355 0.912616 1.04222 -1.69196 0.542363 1
1 1.4584 1.00179 1.09761 -1.65721 0.477474 1
1 1.30435 1.00406 1.12677 -1.67863 0.519404 1
1 0.94249 0.931888 1.12265 -1.73708 0.62793 1
1 0.710089 0.884131 1.12072 -1.77549 0.706198 1
1 0.460868 0.836053 1.13021 -1.82094 0.798948 1
1 0.350684 0.816674 1.14383 -1.8451 0.843248 1
1 0.230169 0.796592 1.16984 -1.87688 0.89427 1
1 0.205479 0.804405 1.21101 -1.89584 0.905073 1
1 0.200937 0.813986 1.24113 -1.90651 0.907074 1
1 0.219497 0.838997 1.29126 -1.91729 0.898924 1
1 0.236879 0.865907 1.34272 -1.92716 0.891355 1
1 0.24358 0.882949 1.37708 -1.93425 0.888453 1
1 0.248982 0.90759 1.42862 -1.9453 0.88612 1
1 0.250324 0.931281 1.48007 -1.95669 0.885541 1
1 0.247865 0.945825 1.51418 -1.96487 0.886601 1
1 0.240304 0.96609 1.56534 -1.97795 0.88987 1
1 0.231695 0.985684 1.61603 -1.99095 0.893606 1
1 0.227619 0.999886 1.65052 -1.99909 0.895379 1
1 0.218165 1.01912 1.70134 -2.01199 0.899507 1
1 0.212174 1.04095 1.75383 -2.02386 0.902131 1
1 0.207348 1.05503 1.78869 -2.0319 0.904251 1
1 0.202164 1.07797 1.84228 -2.04332 0.906533 1
1 0.197932 1.102 1.8967 -2.0543 0.9084 1
1 0.196633 1.11894 1.93282 -2.06092 0.908973 1
1 0.192992 1.14343 1.98688 -2.07125 0.910583 1
1 0.189308 1.16853 2.04188 -2.08154 0.912216 1
1 0.18671 1.18532 2.07865 -2.08836 0.913368 1
1 0.182701 1.21059 2.13389 -2.09851 0.915149 1
1 0.178969 1.23602 2.18876 -2.10831 0.916811 1
1 0.176448 1.25309 2.22543 -2.11479 0.917934 1
1 0.174409 1.2805 2.28126 -2.12378 0.918844 1
1 0.171187 1.30675 2.3361 -2.13295 0.920284 1
1 0.169138 1.32473 2.37325 -2.13903 0.9212 1
1 0.166525 1.35248 2.42951 -2.1479 0.92237 1
1 0.163197 1.37976 2.48551 -2.15692 0.923863 1
1 0.161185 1.39818 2.52281 -2.16276 0.924766 1
1 0.158281 1.42573 2.57811 -2.17128 0.926071 1
1 0.155371 1.45379 2.634 -2.17977 0.927381 1
1 0.151902 1.48166 2.69002 -2.18843 0.928945 1
1 0.150515 1.50135 2.72778 -2.19376 0.929571 1
1 0.148346 1.53094 2.78429 -2.20169 0.93055 1
1 0.146305 1.55016 2.82175 -2.20717 0.931474 1
1 0.143017 1.57873 2.87753 -2.21537 0.932962 1
1 0.140687 1.60844 2.93345 -2.22304 0.934018 1
1 0.138986 1.62831 2.97084 -2.22819 0.93479 1
1 0.136188 1.65789 3.02662 -2.23592 0.936061 1
1 0.134631 1.68847 3.08176 -2.24288 0.936769 1
1 0.134528 1.71013 3.119 -2.24706 0.936815 1
1 0.130964 1.73902 3.17375 -2.25484 0.938437 1
1 0.130808 1.77269 3.2308 -2.26107 0.938509 1
1 0.127689 1.79147 3.2672 -2.26654 0.939931 1
1 0.124854 1.82171 3.32204 -2.27377 0.941226 1
1 0.123017 1.853 3.37664 -2.2804 0.942065 1
1 0.121345 1.87363 3.41315 -2.28502 0.94283 1
1 0.119927 1.90603 3.46822 -2.29136 0.943479 1
1 0.118945 1.93938 3.52372 -2.29744 0.943929 1
1 0.11693 1.95938 3.55904 -2.30201 0.944853 1
1 0.115653 1.99314 3.61495 -2.30818 0.945439 1
1 0.112952 2.02432 3.66858 -2.31483 0.946679 1
1 0.111813 2.04637 3.70506 -2.31894 0.947202 1
1 0.109872 2.07851 3.75835 -2.32506 0.948095 1
1 0.107376 2.10962 3.81052 -2.33132 0.949244 1
1 0.107509 2.13338 3.84693 -2.33463 0.949183 1
1 0.105092 2.16597 3.9006 -2.34091 0.950297 1
1 0.103909 2.20031 3.95461 -2.34648 0.950843 1
1 0.103399 2.22348 3.9904 -2.34998 0.951078 1
1 0.102049 2.25741 4.04337 -2.35546 0.951701 1
1 0.099658 2.29038 4.09609 -2.36147 0.952806 1
1 0.0990354 2.31345 4.13116 -2.36489 0.953094 1
1 0.097105 2.34713 4.18357 -2.37053 0.953988 1
1 0.0959373 2.38174 4.23581 -2.37567 0.954528 1
1 0.0966166 2.40736 4.27196 -2.37835 0.954214 1
1 0.0930293 2.43869 4.32238 -2.38467 0.955876 1
1 0.0933654 2.46347 4.35736 -2.3874 0.95572 1
1 0.0933654 2.46347 4.35736 -2.3874 0.95572 1
1 0.0933654 2.46347 4.35736 -2.3874 0.95572 1
1 0.0933654 2.46347 4.35736 -2.3874 0.95572 1
1 0.0933654 2.46347 4.35736 -2.3874 0.95572 1
1 0.0933654 2.46347 4.35736 -2.3874 0.95572 1
1 0.0933654 2.46347 4.35736 -2.3874 0.95572 1
1 0.0933654 2.46347 4.35736 -2.3874 0.95572 1
1 0.0933654 2.46347 4.35736 -2.3874 0.95572 1
1 0.0933654 2.46347 4.35736 -2.3874 0.95572 1
1 0.0933654 2.46347 4.35736 -2.3874 0.95572 1
1 0.0933654 2.46347 4.35736 -2.3874 0.95572 1
1 0.0933654 2.46347 4.35736 -2.3874 0.95572 1
1 0.0933654 2.46347 4.35736 -2.3874 0.95572 1
1 0.0933654 2.46347 4.35736 -2.3874 0.95572 1
1 0.0933654 2.46347 4.35736 -2.3874 0.95572 1
1 0.0933654 2.46347 4.35736 -2.3874 0.95572 1
1 0.0933654 2.46347 4.35736 -2.3874 0.95572 1
1 -2.18462 -6.70607 -3.66421 -0.00124302 1 0.307386
1 -2.18462 -6.70607 -3.66421 -0.00124302 1 0.307386
1 -2.18462 -6.70607 -3.66421 -0.00124302 1 0.307386
1 -2.18462 -6.70607 -3.66421 -0.00124302 1 0.307386
1 -2.18462 -6.70607 -3.66421 -0.00124302 1 0.307386
1 -2.18462 -6.70607 -3.66421 -0.00124302 1 0.307386
1 -2.18462 -6.70607 -3.66421 -0.00124302 1 0.307386
1 -2.18462 -6.70607 -3.66421 -0.00124302 1 0.307386
1 -2.18462 -6.70607 -3.66421 -0.00124302 1 0.307386
1 -2.18462 -6.70607 -3.66421 -0.00124302 1 0.307386
1 -2.18462 -6.70607 -3.66421 -0.00124302 1 0.307386
1 -2.18462 -6.70607 -3.66421 -0.00124302 1 0.307386
1 -2.18462 -6.70607 -3.66421 -0.00124302 1 0.307386
1 -2.18462 -6.70607 -3.66421 -0.00124302 1 0.307386
1 -2.18462 -6.70607 -3.66421 -0.00124302 1 0.307386
1 -2.18462 -6.70607 -3.66421 -0.00124302 1 0.307386
1 -2.18462 -6.70607 -3.66421 -0.00124302 1 0.307386
1 -2.18462 -6.70607 -3.66421 -0.00124302 1 0.307386
1 -2.18462 -6.70607 -3.66421 -0.00124302 1 0.307386
1 -2.18462 -6.70607 -3.66421 -0.00124302 1 0.307386
1 -2.18462 -6.70607 -3.66421 -0.00124302 1 0.307386
1 -2.18462 -6.70607 -3.66421 -0.00124302 1 0.307386
1 -2.18462 -6.70607 -3.66421 -0.00124302 1 0.307386
1 -2.18462 -6.70607 -3.66421 -0.00124302 1 0.307386
1 -2.18462 -6.70607 -3.66421 -0.00124302 1 0.307386
1 -2.18462 -6.70607 -3.66421 -0.00124302 1 0.307386
1 -2.18462 -6.70607 -3.66421 -0.00124302 1 0.307386
1 -2.18462 -6.70607 -3.66421 -0.00124302 1 0.307386
1 -2.18462 -6.70607 -3.66421 -0.00124302 1 0.307386
1 -2.18462 -6.70607 -3.66421 -0.00124302 1 0.307386
1 -2.18462 -6.70607 -3.66421 -0.00124302 1 0.307386
1 -2.18462 -6.70607 -3.66421 -0.00124302 1 0.307386
1 -2.18462 -6.70607 -3.66421 -0.00124302 1 0.307386
1 -2.18462 -6.70607 -3.66421 -0.00124302 1 0.307386
1 -2.18462 -6.70607 -3.66421 -0.00124302 1 0.307386
1 -2.18462 -6.70607 -3.66421 -0.00124302 1 0.307386
1 -2.18462 -6.70607 -3.66421 -0.00124302 1 0.307386
1 -2.18462 -6.70607 -3.66421 -0.00124302 1 0.307386
1 -2.18462 -6.70607 -3.66421 -0.00124302 1 0.307386
1 -2.18462 -6.70607 -3.66421 -0.00124302 1 0.307386
1 -2.18462 -6.70607 -3.66421 -0.00124302 1 0.307386
1 -2.18462 -6.70607 -3.66421 -0.00124302 1 0.307386
1 -2.18462 -6.70607 -3.66421 -0.00124302 1 0.307386
1 -2.18462 -6.70607 -3.66421 -0.00124302 1 0.307386
1 -2.18462 -6.70607 -3.66421 -0.00124302 1 0.307386
1 -2.18462 -6.70607 -3.66421 -0.00124302 1 0.307386
1 -2.18462 -6.70607 -3.66421 -0.00124302 1 0.307386
1 -2.18462 -6.70607 -3.66421 -0.00124302 1 0.307386
1 -2.18462 -6.70607 -3.66421 -0.00124302 1 0.307386
1 -2.18462 -6.70607 -3.66421 -0.00124302 1 0.307386
1 -2.18462 -6.70607 -3.66421 -0.00124302 1 0.307386
1 -2.18462 -6.70607 -3.66421 -0.00124302 1 0.307386
1 -2.18462 -6.70607 -3.66421 -0.00124302 1 0.307386
1 -2.18462 -6.70607 -3.66421 -0.00124302 1 0.307386
1 -2.18462 -6.70607 -3.66421 -0.00124302 1 0.307386
1 -2.18462 -6.70607 -3.66421 -0.00124302 1 0.307386
1 -2.18462 -6.70607 -3.66421 -0.00124302 1 0.307386
1 -2.18462 -6.70607 -3.66421 -0.00124302 1 0.307386
1 -2.18462 -6.70607 -3.66421 -0.00124302 1 0.307386
1 -2.18462 -6.70607 -3.66421 -0.00124302 1 0.307386
1 -2.18462 -6.70607 -3.66421 -0.00124302 1 0.307386
1 -2.18462 -6.70607 -3.66421 -0.00124302 1 0.307386
1 -2.18462 -6.70607 -3.66421 -0.00124302 1 0.307386
1 -2.18462 -6.70607 -3.66421 -0.00124302 1 0.307386
1 -2.18462 -6.70607 -3.66421 -0.00124302 1 0.307386
1 -2.18462 -6.70607 -3.66421 -0.00124302 1 0.307386
1 -2.18462 -6.70607 -3.66421 -0.00124302 1 0.307386
1 -2.18462 -6.70607 -3.66421 -0.00124302 1 0.307386
1 -2.18462 -6.70607 -3.66421 -0.00124302 1 0.307386
1 -2.18462 -6.70607 -3.66421 -0.00124302 1 0.307386
1 -2.18462 -6.70607 -3.66421 -0.00124302 1 0.307386
1 -2.18462 -6.70607 -3.66421 -0.00124302 1 0.307386
1 -2.18462 -6.70607 -3.66421 -0.00124302 1 0.307386
1 -2.18462 -6.70607 -3.66421 -0.00124302 1 0.307386
1 -2.18462 -6.70607 -3.66421 -0.00124302 1 0.307386
1 -2.18462 -6.70607 -3.66421 -0.00124302 1 0.307386
1 -2.18462 -6.70607 -3.66421 -0.00124302 1 0.307386
1 -2.18462 -6.70607 -3.66421 -0.00124302 1 0.307386
1 -2.18462 -6.70607 -3.66421 -0.00124302 1 0.307386
1 -2.18462 -6.70607 -3.66421 -0.00124302 1 0.307386
1 -2.18462 -6.70607 -3.66421 -0.00124302 1 0.307386
1 -2.18462 -6.70607 -3.66421 -0.00124302 1 0.307386
1 -2.18462 -6.70607 -3.66421 -0.00124302 1 0.307386
1 -2.18462 -6.70607 -3.66421 -0.00124302 1 0.307386
1 -2.18462 -6.70607 -3.66421 -0.00124302 1 0.307386
1 -2.18462 -6.70607 -3.66421 -0.00124302 1 0.307386
1 -2.18462 -6.70607 -3.66421 -0.00124302 1 0.307386
1 -2.18462 -6.70607 -3.66421 -0.00124302 1 0.307386
1 -2.18462 -6.70607 -3.66421 -0.00124302 1 0.307386
1 -2.18462 -6.70607 -3.66421 -0.00124302 1 0.307386
1 -2.18462 -6.70607 -3.66421 -0.00124302 1 0.307386
1 -2.18462 -6.70607 -3.66421 -0.00124302 1 0.307386
1 -2.18462 -6.70607 -3.66421 -0.00124302 1 0.307386
1 -2.18462 -6.70607 -3.66421 -0.00124302 1 0.307386
1 -2.18462 -6.70607 -3.66421 -0.00124302 1 0.307386
1 -2.18462 -6.70607 -3.66421 -0.00124302 1 0.307386
1 -2.18462 -6.70607 -3.66421 -0.00124302 1 0.307386
1 -2.18462 -6.70607 -3.66421 -0.00124302 1 0.307386
1 -2.18462 -6.70607 -3.66421 -0.00124302 1 0.307386
1 -2.18462 -6.70607 -3.66421 -0.00124302 1 0.307386
1 -2.18462 -6.70607 -3.66421 -0.00124302 1 0.307386
1 -2.18462 -6.70607 -3.66421 -0.00124302 1 0.307386
1 -2.18462 -6.70607 -3.66421 -0.00124302 1 0.307386
1 -2.18462 -6.70607 -3.66421 -0.00124302 1 0.307386
1 -2.18462 -6.70607 -3.66421 -0.00124302 1 0.307386
1 -2.18462 -6.70607 -3.66421 -0.00124302 1 0.307386
1 -2.18462 -6.70607 -3.66421 -0.00124302 1 0.307386
1 -2.18462 -6.70607 -3.66421 -0.00124302 1 0.307386
1 -2.18462 -6.70607 -3.66421 -0.00124302 1 0.307386
1 -2.18462 -6.70607 -3.66421 -0.00124302 1 0.307386
1 -2.18462 -6.70607 -3.66421 -0.00124302 1 0.307386
1 -2.18462 -6.70607 -3.66421 -0.00124302 1 0.307386
1 -2.18462 -6.70607 -3.66421 -0.00124302 1 0.307386
1 -2.18462 -6.70607 -3.66421 -0.00124302 1 0.307386
1 -2.18462 -6.70607 -3.66421 -0.00124302 1 0.307386
1 -2.18462 -6.70607 -3.66421 -0.00124302 1 0.307386
1 -2.18462 -6.70607 -3.66421 -0.00124302 1 0.307386
1 -2.18462 -6.70607 -3.66421 -0.00124302 1 0.307386
1 -2.18462 -6.70607 -3.66421 -0.00124302 1 0.307386
1 -2.18462 -6.70607 -3.66421 -0.00124302 1 0.307386
1 -2.18462 -6.70607 -3.66421 -0.00124302 1 0.307386
1 -2.18462 -6.70607 -3.66421 -0.00124302 1 0.307386
1 -2.18462 -6.70607 -3.66421 -0.00124302 1 0.307386
1 -2.18462 -6.70607 -3.66421 -0.00124302 1 0.307386
1 -2.18462 -6.70607 -3.66421 -0.00124302 1 0.307386
