1 2.91071 0 0 0 1 0.172437
1 2.91071 0 0 0 1 0.172437
1 2.91071 0 0 0 1 0.172437
1 2.91071 0 0 0 1 0.172437
1 2.91071 0 0 0 1 0.172437
1 2.91071 0 0 0 1 0.172437
1 2.91071 0 0 0 1 0.172437
1 2.91071 0 0 0 1 0.172437
1 2.91071 0 0 0 1 0.172437
1 2.91071 0 0 0 1 0.172437
1 2.91071 0 0 0 1 0.172437
1 2.91071 0 0 0 1 0.172437
1 2.91071 0 0 0 1 0.172437
1 2.91071 0 0 0 1 0.172437
1 3.63132 -0.0135274 -0.0697342 0.05742 1 0.0634934
1 3.63132 -0.0135274 -0.0697342 0.05742 1 0.0634934
1 3.1132 -0.0275554 -0.0649322 0.129087 1 0.139634
1 3.1132 -0.0275554 -0.0649322 0.129087 1 0.139634
1 2.22933 -0.10205 -0.0438591 0.193436 1 0.298186
1 2.22933 -0.10205 -0.0438591 0.193436 1 0.298186
1 0.448517 -0.201736 0.0509215 0.247342 1 0.803808
1 0.448517 -0.201736 0.0509215 0.247342 1 0.803808
1 -0.244963 -0.33162 0.163695 0.288674 0.887855 1
1 -0.244963 -0.33162 0.163695 0.288674 0.887855 1
1 -0.244963 -0.33162 0.163695 0.288674 0.887855 1
1 -0.244963 -0.33162 0.163695 0.288674 0.887855 1
1 -0.244963 -0.33162 0.163695 0.288674 0.887855 1
1 -0.244963 -0.33162 0.163695 0.288674 0.887855 1
1 -0.244963 -0.33162 0.163695 0.288674 0.887855 1
1 -0.400232 -0.363905 0.343855 0.274071 0.82306 1
1 -0.400232 -0.363905 0.343855 0.274071 0.82306 1
1 -0.400232 -0.363905 0.343855 0.274071 0.82306 1
1 -0.400232 -0.363905 0.343855 0.274071 0.82306 1
1 -0.400232 -0.363905 0.343855 0.274071 0.82306 1
1 -0.400232 -0.363905 0.343855 0.274071 0.82306 1
1 -0.400232 -0.363905 0.343855 0.274071 0.82306 1
1 -0.166333 -0.354145 0.494704 0.172883 0.922456 1
1 -0.166333 -0.354145 0.494704 0.172883 0.922456 1
1 -0.166333 -0.354145 0.494704 0.172883 0.922456 1
1 -0.166333 -0.354145 0.494704 0.172883 0.922456 1
1 -0.166333 -0.354145 0.494704 0.172883 0.922456 1
1 -0.166333 -0.354145 0.494704 0.172883 0.922456 1
1 -0.166333 -0.354145 0.494704 0.172883 0.922456 1
1 0.0455314 -0.292899 0.653906 0.0828053 1 0.978158
1 0.0455314 -0.292899 0.653906 0.0828053 1 0.978158
1 0.0455314 -0.292899 0.653906 0.0828053 1 0.978158
1 0.0455314 -0.292899 0.653906 0.0828053 1 0.978158
1 0.0455314 -0.292899 0.653906 0.0828053 1 0.978158
1 0.0455314 -0.292899 0.653906 0.0828053 1 0.978158
1 0.16102 -0.242149 0.770934 0.0250923 1 0.92484
1 0.16102 -0.242149 0.770934 0.0250923 1 0.92484
1 0.16102 -0.242149 0.770934 0.0250923 1 0.92484
1 0.16102 -0.242149 0.770934 0.0250923 1 0.92484
1 0.16102 -0.242149 0.770934 0.0250923 1 0.92484
1 0.16102 -0.242149 0.770934 0.0250923 1 0.92484
1 0.16102 -0.242149 0.770934 0.0250923 1 0.92484
1 0.200898 -0.148798 0.848072 0.0073624 1 0.907091
1 0.200898 -0.148798 0.848072 0.0073624 1 0.907091
1 0.200898 -0.148798 0.848072 0.0073624 1 0.907091
1 0.200898 -0.148798 0.848072 0.0073624 1 0.907091
1 0.200898 -0.148798 0.848072 0.0073624 1 0.907091
1 0.200898 -0.148798 0.848072 0.0073624 1 0.907091
1 0.14382 -0.0371846 0.896016 0.0341331 1 0.932598
1 0.14382 -0.0371846 0.896016 0.0341331 1 0.932598
1 0.14382 -0.0371846 0.896016 0.0341331 1 0.932598
1 0.14382 -0.0371846 0.896016 0.0341331 1 0.932598
1 0.14382 -0.0371846 0.896016 0.0341331 1 0.932598
1 0.14382 -0.0371846 0.896016 0.0341331 1 0.932598
1 0.14382 -0.0371846 0.896016 0.0341331 1 0.932598
1 0.133701 0.0734337 0.924953 0.0498123 1 0.937191
1 0.133701 0.0734337 0.924953 0.0498123 1 0.937191
1 0.133701 0.0734337 0.924953 0.0498123 1 0.937191
1 0.133701 0.0734337 0.924953 0.0498123 1 0.937191
1 0.133701 0.0734337 0.924953 0.0498123 1 0.937191
1 0.133701 0.0734337 0.924953 0.0498123 1 0.937191
1 0.133701 0.0734337 0.924953 0.0498123 1 0.937191
1 0.176879 0.196074 0.972932 0.0492101 1 0.917742
1 0.176879 0.196074 0.972932 0.0492101 1 0.917742
1 0.176879 0.196074 0.972932 0.0492101 1 0.917742
1 0.176879 0.196074 0.972932 0.0492101 1 0.917742
1 0.176879 0.196074 0.972932 0.0492101 1 0.917742
1 0.176879 0.196074 0.972932 0.0492101 1 0.917742
1 0.176879 0.196074 0.972932 0.0492101 1 0.917742
1 0.215836 0.318557 1.02027 0.0568824 1 0.900526
1 0.215836 0.318557 1.02027 0.0568824 1 0.900526
1 0.215836 0.318557 1.02027 0.0568824 1 0.900526
1 0.215836 0.318557 1.02027 0.0568824 1 0.900526
1 0.215836 0.318557 1.02027 0.0568824 1 0.900526
1 0.215836 0.318557 1.02027 0.0568824 1 0.900526
1 0.215836 0.318557 1.02027 0.0568824 1 0.900526
1 0.220586 0.447827 1.06126 0.0792283 1 0.898448
1 0.220586 0.447827 1.06126 0.0792283 1 0.898448
1 0.220586 0.447827 1.06126 0.0792283 1 0.898448
1 0.220586 0.447827 1.06126 0.0792283 1 0.898448
1 0.220586 0.447827 1.06126 0.0792283 1 0.898448
1 0.220586 0.447827 1.06126 0.0792283 1 0.898448
1 0.220586 0.447827 1.06126 0.0792283 1 0.898448
1 0.264621 0.569583 1.11732 0.0999334 1 0.879398
1 0.264621 0.569583 1.11732 0.0999334 1 0.879398
1 0.264621 0.569583 1.11732 0.0999334 1 0.879398
1 0.264621 0.569583 1.11732 0.0999334 1 0.879398
1 0.264621 0.569583 1.11732 0.0999334 1 0.879398
1 0.264621 0.569583 1.11732 0.0999334 1 0.879398
1 0.264621 0.569583 1.11732 0.0999334 1 0.879398
1 0.359353 0.702513 1.15712 0.115894 1 0.839684
1 0.359353 0.702513 1.15712 0.115894 1 0.839684
1 0.359353 0.702513 1.15712 0.115894 1 0.839684
1 0.359353 0.702513 1.15712 0.115894 1 0.839684
1 0.359353 0.702513 1.15712 0.115894 1 0.839684
1 0.359353 0.702513 1.15712 0.115894 1 0.839684
1 0.359353 0.702513 1.15712 0.115894 1 0.839684
1 0.494154 0.830434 1.20092 0.150844 1 0.785982
1 0.494154 0.830434 1.20092 0.150844 1 0.785982
1 0.494154 0.830434 1.20092 0.150844 1 0.785982
1 0.494154 0.830434 1.20092 0.150844 1 0.785982
1 0.494154 0.830434 1.20092 0.150844 1 0.785982
1 0.494154 0.830434 1.20092 0.150844 1 0.785982
1 0.494154 0.830434 1.20092 0.150844 1 0.785982
1 0.855398 0.941149 1.25285 0.216485 1 0.656405
1 0.855398 0.941149 1.25285 0.216485 1 0.656405
1 0.855398 0.941149 1.25285 0.216485 1 0.656405
1 0.855398 0.941149 1.25285 0.216485 1 0.656405
1 0.855398 0.941149 1.25285 0.216485 1 0.656405
1 0.855398 0.941149 1.25285 0.216485 1 0.656405
1 4.12371 1.04846 1.28993 0.28857 1 0
1 4.12371 1.04846 1.28993 0.28857 1 0
1 4.12371 1.04846 1.28993 0.28857 1 0
1 4.12371 1.08907 1.30675 0.365218 1 0
1 4.12371 1.08907 1.30675 0.365218 1 0
1 4.12371 1.10567 1.31586 0.448204 1 0
1 4.12371 1.10567 1.31586 0.448204 1 0
1 4.12371 1.12884 1.32366 0.526429 1 0
1 4.12371 1.12884 1.32366 0.526429 1 0
1 4.12371 1.13758 1.33405 0.611381 1 0
1 4.12371 1.13758 1.33405 0.611381 1 0
1 4.12371 1.14855 1.34961 0.702518 1 0
1 4.12371 1.14855 1.34961 0.702518 1 0
1 4.12371 1.15906 1.36363 0.774037 1 0
1 4.12371 1.16792 1.39187 0.887009 1 0
1 4.12371 1.16792 1.39187 0.887009 1 0
1 4.12371 1.16923 1.41268 0.9888 1 0
1 4.12371 1.16923 1.41268 0.9888 1 0
1 4.12371 1.18431 1.4138 1.01921 1 0
1 4.12371 1.18431 1.4138 1.01921 1 0
1 4.12371 1.17009 1.45795 1.19859 1 0
1 4.12371 1.17009 1.45795 1.19859 1 0
1 4.12371 1.19662 1.45726 1.18465 1 0
1 4.12371 1.1522 1.52513 1.4492 1 0
1 4.12371 1.1522 1.52513 1.4492 1 0
1 4.12371 1.09024 1.58443 1.74596 1 0
1 4.12371 1.09024 1.58443 1.74596 1 0
1 4.12371 1.11341 1.5818 1.72039 1 0
1 4.12371 1.11341 1.5818 1.72039 1 0
1 4.12371 1.07243 1.6163 1.9097 1 0
1 4.12371 1.07604 1.62478 1.95227 1 0
1 4.12371 1.07604 1.62478 1.95227 1 0
1 4.12371 1.04857 1.64552 2.08028 1 0
1 4.12371 1.04857 1.64552 2.08028 1 0
1 4.12371 1.04286 1.65726 2.14194 1 0
1 4.12371 1.04286 1.65726 2.14194 1 0
1 4.12371 1.02087 1.67078 2.24587 1 0
1 4.12371 1.02087 1.67078 2.24587 1 0
1 4.12371 1.00547 1.68146 2.32822 1 0
1 4.01617 0.990937 1.69009 2.40868 1 0.0132115
1 4.01617 0.990937 1.69009 2.40868 1 0.0132115
1 3.58254 0.973281 1.69792 2.49372 1 0.0702248
1 3.58254 0.973281 1.69792 2.49372 1 0.0702248
1 3.1349 0.956423 1.70425 2.57507 1 0.136226
1 3.1349 0.956423 1.70425 2.57507 1 0.136226
1 2.75035 0.938637 1.70892 2.65662 1 0.19979
1 2.75035 0.938637 1.70892 2.65662 1 0.19979
1 2.35873 0.917696 1.71305 2.73625 1 0.272271
1 2.35873 0.917696 1.71305 2.73625 1 0.272271
1 1.95858 0.893126 1.71607 2.81645 1 0.355974
1 1.95858 0.893126 1.71607 2.81645 1 0.355974
1 1.54401 0.863818 1.71646 -3.38377 1 0.455156
1 1.54401 0.863818 1.71646 -3.38377 1 0.455156
1 1.54401 0.863818 1.71646 -3.38377 1 0.455156
1 1.11574 0.828033 1.71386 -3.30056 1 0.5741
1 1.11574 0.828033 1.71386 -3.30056 1 0.5741
1 1.11574 0.828033 1.71386 -3.30056 1 0.5741
1 0.656336 0.776172 1.70693 -3.21697 1 0.725385
1 0.656336 0.776172 1.70693 -3.21697 1 0.725385
1 0.656336 0.776172 1.70693 -3.21697 1 0.725385
1 0.656336 0.776172 1.70693 -3.21697 1 0.725385
1 0.656336 0.776172 1.70693 -3.21697 1 0.725385
1 0.21758 0.697303 1.68965 -3.13865 1 0.899762
1 0.21758 0.697303 1.68965 -3.13865 1 0.899762
1 0.21758 0.697303 1.68965 -3.13865 1 0.899762
1 0.21758 0.697303 1.68965 -3.13865 1 0.899762
1 0.21758 0.697303 1.68965 -3.13865 1 0.899762
1 -0.215644 0.591003 1.65875 -3.08833 0.90061 1
1 -0.215644 0.591003 1.65875 -3.08833 0.90061 1
1 -0.215644 0.591003 1.65875 -3.08833 0.90061 1
1 -0.215644 0.591003 1.65875 -3.08833 0.90061 1
1 -0.215644 0.591003 1.65875 -3.08833 0.90061 1
1 -0.215644 0.591003 1.65875 -3.08833 0.90061 1
1 -0.408836 0.484429 1.62461 -3.09123 0.8196 1
1 -0.408836 0.484429 1.62461 -3.09123 0.8196 1
1 -0.408836 0.484429 1.62461 -3.09123 0.8196 1
1 -0.408836 0.484429 1.62461 -3.09123 0.8196 1
1 -0.408836 0.484429 1.62461 -3.09123 0.8196 1
1 -0.408836 0.484429 1.62461 -3.09123 0.8196 1
1 -0.384726 0.377918 1.59356 -3.13408 0.829331 1
1 -0.384726 0.377918 1.59356 -3.13408 0.829331 1
1 -0.384726 0.377918 1.59356 -3.13408 0.829331 1
1 -0.384726 0.377918 1.59356 -3.13408 0.829331 1
1 -0.384726 0.377918 1.59356 -3.13408 0.829331 1
1 -0.384726 0.377918 1.59356 -3.13408 0.829331 1
1 -0.197091 0.273998 1.56902 -3.18312 0.908771 1
1 -0.197091 0.273998 1.56902 -3.18312 0.908771 1
1 -0.197091 0.273998 1.56902 -3.18312 0.908771 1
1 -0.197091 0.273998 1.56902 -3.18312 0.908771 1
1 -0.197091 0.273998 1.56902 -3.18312 0.908771 1
1 0.147199 0.170257 1.55282 -3.23514 1 0.931069
1 0.147199 0.170257 1.55282 -3.23514 1 0.931069
1 0.147199 0.170257 1.55282 -3.23514 1 0.931069
1 0.147199 0.170257 1.55282 -3.23514 1 0.931069
1 0.147199 0.170257 1.55282 -3.23514 1 0.931069
1 0.215066 0.0660628 1.53918 -3.24282 1 0.900863
1 0.215066 0.0660628 1.53918 -3.24282 1 0.900863
1 0.215066 0.0660628 1.53918 -3.24282 1 0.900863
1 0.215066 0.0660628 1.53918 -3.24282 1 0.900863
1 0.215066 0.0660628 1.53918 -3.24282 1 0.900863
1 0.215066 0.0660628 1.53918 -3.24282 1 0.900863
1 -0.0350322 -0.0372365 1.51868 -3.21402 0.983153 1
1 -0.0350322 -0.0372365 1.51868 -3.21402 0.983153 1
1 -0.0350322 -0.0372365 1.51868 -3.21402 0.983153 1
1 -0.0350322 -0.0372365 1.51868 -3.21402 0.983153 1
1 -0.0350322 -0.0372365 1.51868 -3.21402 0.983153 1
1 -0.166564 -0.141634 1.50228 -3.19177 0.922353 1
1 -0.166564 -0.141634 1.50228 -3.19177 0.922353 1
1 -0.166564 -0.141634 1.50228 -3.19177 0.922353 1
1 -0.166564 -0.141634 1.50228 -3.19177 0.922353 1
1 -0.166564 -0.141634 1.50228 -3.19177 0.922353 1
1 -0.0681299 -0.245308 1.48324 -3.19825 0.967494 1
1 -0.0681299 -0.245308 1.48324 -3.19825 0.967494 1
1 -0.0681299 -0.245308 1.48324 -3.19825 0.967494 1
1 -0.0681299 -0.245308 1.48324 -3.19825 0.967494 1
1 -0.0681299 -0.245308 1.48324 -3.19825 0.967494 1
1 -0.0681299 -0.245308 1.48324 -3.19825 0.967494 1
1 0.0424931 -0.350231 1.46191 -3.21121 1 0.979601
1 0.0424931 -0.350231 1.46191 -3.21121 1 0.979601
1 0.0424931 -0.350231 1.46191 -3.21121 1 0.979601
1 0.0424931 -0.350231 1.46191 -3.21121 1 0.979601
1 0.0424931 -0.350231 1.46191 -3.21121 1 0.979601
1 0.139805 -0.45546 1.43975 -3.21561 1 0.934418
1 0.139805 -0.45546 1.43975 -3.21561 1 0.934418
1 0.139805 -0.45546 1.43975 -3.21561 1 0.934418
1 0.139805 -0.45546 1.43975 -3.21561 1 0.934418
1 0.139805 -0.45546 1.43975 -3.21561 1 0.934418
1 0.116964 -0.556098 1.41299 -3.20566 1 0.944837
1 0.116964 -0.556098 1.41299 -3.20566 1 0.944837
1 0.116964 -0.556098 1.41299 -3.20566 1 0.944837
1 0.116964 -0.556098 1.41299 -3.20566 1 0.944837
1 0.116964 -0.556098 1.41299 -3.20566 1 0.944837
1 0.116964 -0.556098 1.41299 -3.20566 1 0.944837
1 0.0645634 -0.656614 1.38445 -3.18127 1 0.969169
1 0.0645634 -0.656614 1.38445 -3.18127 1 0.969169
1 0.0645634 -0.656614 1.38445 -3.18127 1 0.969169
1 0.0645634 -0.656614 1.38445 -3.18127 1 0.969169
1 0.0645634 -0.656614 1.38445 -3.18127 1 0.969169
1 0.0365056 -0.75959 1.35859 -3.15375 1 0.98245
1 0.0365056 -0.75959 1.35859 -3.15375 1 0.98245
1 0.0365056 -0.75959 1.35859 -3.15375 1 0.98245
1 0.0365056 -0.75959 1.35859 -3.15375 1 0.98245
1 0.0365056 -0.75959 1.35859 -3.15375 1 0.98245
1 0.104997 -0.862256 1.32845 -3.14122 1 0.950341
1 0.104997 -0.862256 1.32845 -3.14122 1 0.950341
1 0.104997 -0.862256 1.32845 -3.14122 1 0.950341
1 0.104997 -0.862256 1.32845 -3.14122 1 0.950341
1 0.104997 -0.862256 1.32845 -3.14122 1 0.950341
1 0.295279 -0.964201 1.29862 -3.13551 1 0.866359
1 0.295279 -0.964201 1.29862 -3.13551 1 0.866359
1 0.295279 -0.964201 1.29862 -3.13551 1 0.866359
1 0.295279 -0.964201 1.29862 -3.13551 1 0.866359
1 0.295279 -0.964201 1.29862 -3.13551 1 0.866359
1 0.295279 -0.964201 1.29862 -3.13551 1 0.866359
1 0.548296 -1.06817 1.26764 -3.11765 1 0.765285
1 0.548296 -1.06817 1.26764 -3.11765 1 0.765285
1 0.548296 -1.06817 1.26764 -3.11765 1 0.765285
1 0.548296 -1.06817 1.26764 -3.11765 1 0.765285
1 0.548296 -1.06817 1.26764 -3.11765 1 0.765285
1 0.548296 -1.06817 1.26764 -3.11765 1 0.765285
1 0.734075 -1.17057 1.22348 -3.06374 1 0.697774
1 0.734075 -1.17057 1.22348 -3.06374 1 0.697774
1 0.734075 -1.17057 1.22348 -3.06374 1 0.697774
1 0.734075 -1.17057 1.22348 -3.06374 1 0.697774
1 0.734075 -1.17057 1.22348 -3.06374 1 0.697774
1 0.734075 -1.17057 1.22348 -3.06374 1 0.697774
1 1.51582 -1.26743 1.18307 -2.97809 1 0.46243
1 1.51582 -1.26743 1.18307 -2.97809 1 0.46243
1 1.51582 -1.26743 1.18307 -2.97809 1 0.46243
1 1.51582 -1.26743 1.18307 -2.97809 1 0.46243
1 4.12371 -1.33247 1.14854 -2.89234 1 0
1 4.12371 -1.33247 1.14854 -2.89234 1 0
1 4.12371 -1.33247 1.14854 -2.89234 1 0
1 4.12371 -1.36287 1.11632 -2.80471 1 0
1 4.12371 -1.36287 1.11632 -2.80471 1 0
1 4.12371 -1.37686 1.09801 -2.71706 1 0
1 4.12371 -1.39212 1.08548 -2.63677 1 0
1 4.12371 -1.39212 1.08548 -2.63677 1 0
1 4.12371 -1.40504 1.06681 -2.55184 1 0
1 4.12371 -1.40504 1.06681 -2.55184 1 0
1 4.12371 -1.41886 1.0564 -2.47274 1 0
1 4.12371 -1.41886 1.0564 -2.47274 1 0
1 4.12371 -1.43242 1.04978 -2.39165 1 0
1 4.12371 -1.43242 1.04978 -2.39165 1 0
1 4.12371 -1.44638 1.04465 -2.31563 1 0
1 4.12371 -1.45387 1.02722 -2.23468 1 0
1 4.12371 -1.45387 1.02722 -2.23468 1 0
1 4.12371 -1.46201 1.014 -2.15433 1 0
1 4.12371 -1.46201 1.014 -2.15433 1 0
1 4.12371 -1.46601 0.992624 -2.07122 1 0
1 4.12371 -1.46601 0.992624 -2.07122 1 0
1 4.12371 -1.46943 0.967601 -1.97838 1 0
1 4.12371 -1.46943 0.967601 -1.97838 1 0
1 4.12371 -1.47209 0.951857 -1.89689 1 0
1 4.12371 -1.47209 0.951857 -1.89689 1 0
1 4.12371 -1.47059 0.930975 -1.81092 1 0
1 4.12371 -1.46782 0.90966 -1.7246 1 0
1 4.12371 -1.46782 0.90966 -1.7246 1 0
1 4.12371 -1.46453 0.888935 -1.63314 1 0
1 4.12371 -1.46453 0.888935 -1.63314 1 0
1 4.12371 -1.4583 0.867764 -1.54525 1 0
1 4.12371 -1.4583 0.867764 -1.54525 1 0
1 4.12371 -1.44958 0.843661 -1.46038 1 0
1 4.12371 -1.44958 0.843661 -1.46038 1 0
1 4.12371 -1.44048 0.823844 -1.37759 1 0
1 4.12371 -1.43136 0.807308 -1.29038 1 0
1 4.12371 -1.43136 0.807308 -1.29038 1 0
1 4.12371 -1.41857 0.78879 -1.20456 1 0
1 4.12371 -1.41857 0.78879 -1.20456 1 0
1 4.12371 -1.40468 0.768015 -1.11795 1 0
1 4.12371 -1.40468 0.768015 -1.11795 1 0
1 3.60784 -1.39559 0.757187 -1.04179 1 0.0667234
1 3.60784 -1.39559 0.757187 -1.04179 1 0.0667234
1 3.03404 -1.39078 0.754028 -0.96939 1 0.152237
1 2.3854 -1.38119 0.748394 -0.889599 1 0.267057
1 2.3854 -1.38119 0.748394 -0.889599 1 0.267057
1 1.77559 -1.35905 0.731754 -0.804542 1 0.398033
1 1.77559 -1.35905 0.731754 -0.804542 1 0.398033
1 1.77559 -1.35905 0.731754 -0.804542 1 0.398033
1 1.22321 -1.32968 0.712259 -0.720487 1 0.542463
1 1.22321 -1.32968 0.712259 -0.720487 1 0.542463
1 1.22321 -1.32968 0.712259 -0.720487 1 0.542463
1 0.572897 -1.28486 0.688589 -0.63303 1 0.756038
1 0.572897 -1.28486 0.688589 -0.63303 1 0.756038
1 0.572897 -1.28486 0.688589 -0.63303 1 0.756038
1 0.572897 -1.28486 0.688589 -0.63303 1 0.756038
1 -0.150822 -1.21508 0.659829 -0.548474 0.929432 1
1 -0.150822 -1.21508 0.659829 -0.548474 0.929432 1
1 -0.150822 -1.21508 0.659829 -0.548474 0.929432 1
1 -0.150822 -1.21508 0.659829 -0.548474 0.929432 1
1 -0.150822 -1.21508 0.659829 -0.548474 0.929432 1
1 -0.524782 -1.12111 0.636587 -0.530058 0.774214 1
1 -0.524782 -1.12111 0.636587 -0.530058 0.774214 1
1 -0.524782 -1.12111 0.636587 -0.530058 0.774214 1
1 -0.524782 -1.12111 0.636587 -0.530058 0.774214 1
1 -0.524782 -1.12111 0.636587 -0.530058 0.774214 1
1 -0.524782 -1.12111 0.636587 -0.530058 0.774214 1
1 -0.275268 -1.01802 0.603149 -0.573071 0.874849 1
1 -0.275268 -1.01802 0.603149 -0.573071 0.874849 1
1 -0.275268 -1.01802 0.603149 -0.573071 0.874849 1
1 -0.275268 -1.01802 0.603149 -0.573071 0.874849 1
1 -0.275268 -1.01802 0.603149 -0.573071 0.874849 1
1 0.0575062 -0.912578 0.561582 -0.617589 1 0.972493
1 0.0575062 -0.912578 0.561582 -0.617589 1 0.972493
1 0.0575062 -0.912578 0.561582 -0.617589 1 0.972493
1 0.0575062 -0.912578 0.561582 -0.617589 1 0.972493
1 0.0575062 -0.912578 0.561582 -0.617589 1 0.972493
1 0.0575062 -0.912578 0.561582 -0.617589 1 0.972493
1 0.351678 -0.815304 0.518358 -0.655293 1 0.842839
1 0.351678 -0.815304 0.518358 -0.655293 1 0.842839
1 0.351678 -0.815304 0.518358 -0.655293 1 0.842839
1 0.351678 -0.815304 0.518358 -0.655293 1 0.842839
1 0.351678 -0.815304 0.518358 -0.655293 1 0.842839
1 0.2382 -0.718637 0.475268 -0.63858 1 0.890782
1 0.2382 -0.718637 0.475268 -0.63858 1 0.890782
1 0.2382 -0.718637 0.475268 -0.63858 1 0.890782
1 0.2382 -0.718637 0.475268 -0.63858 1 0.890782
1 0.2382 -0.718637 0.475268 -0.63858 1 0.890782
1 0.2382 -0.718637 0.475268 -0.63858 1 0.890782
1 -0.0566362 -0.617084 0.434403 -0.596934 0.972904 1
1 -0.0566362 -0.617084 0.434403 -0.596934 0.972904 1
1 -0.0566362 -0.617084 0.434403 -0.596934 0.972904 1
1 -0.0566362 -0.617084 0.434403 -0.596934 0.972904 1
1 -0.0566362 -0.617084 0.434403 -0.596934 0.972904 1
1 -0.287626 -0.520202 0.402735 -0.566197 0.869597 1
1 -0.287626 -0.520202 0.402735 -0.566197 0.869597 1
1 -0.287626 -0.520202 0.402735 -0.566197 0.869597 1
1 -0.287626 -0.520202 0.402735 -0.566197 0.869597 1
1 -0.287626 -0.520202 0.402735 -0.566197 0.869597 1
1 -0.206635 -0.423006 0.371547 -0.584633 0.904564 1
1 -0.206635 -0.423006 0.371547 -0.584633 0.904564 1
1 -0.206635 -0.423006 0.371547 -0.584633 0.904564 1
1 -0.206635 -0.423006 0.371547 -0.584633 0.904564 1
1 -0.206635 -0.423006 0.371547 -0.584633 0.904564 1
1 -0.206635 -0.423006 0.371547 -0.584633 0.904564 1
1 0.0199993 -0.327489 0.334164 -0.62558 1 0.990347
1 0.0199993 -0.327489 0.334164 -0.62558 1 0.990347
1 0.0199993 -0.327489 0.334164 -0.62558 1 0.990347
1 0.0199993 -0.327489 0.334164 -0.62558 1 0.990347
1 0.0199993 -0.327489 0.334164 -0.62558 1 0.990347
1 0.0929006 -0.22435 0.296384 -0.643957 1 0.955936
1 0.0929006 -0.22435 0.296384 -0.643957 1 0.955936
1 0.0929006 -0.22435 0.296384 -0.643957 1 0.955936
1 0.0929006 -0.22435 0.296384 -0.643957 1 0.955936
1 0.0929006 -0.22435 0.296384 -0.643957 1 0.955936
1 0.0107835 -0.119954 0.2574 -0.635101 1 0.994784
1 0.0107835 -0.119954 0.2574 -0.635101 1 0.994784
1 0.0107835 -0.119954 0.2574 -0.635101 1 0.994784
1 0.0107835 -0.119954 0.2574 -0.635101 1 0.994784
1 0.0107835 -0.119954 0.2574 -0.635101 1 0.994784
1 0.0107835 -0.119954 0.2574 -0.635101 1 0.994784
1 -0.0808686 -0.0226495 0.221429 -0.624104 0.961533 1
1 -0.0808686 -0.0226495 0.221429 -0.624104 0.961533 1
1 -0.0808686 -0.0226495 0.221429 -0.624104 0.961533 1
1 -0.0808686 -0.0226495 0.221429 -0.624104 0.961533 1
1 -0.0808686 -0.0226495 0.221429 -0.624104 0.961533 1
1 -0.159105 0.0760462 0.182989 -0.61487 0.925701 1
1 -0.159105 0.0760462 0.182989 -0.61487 0.925701 1
1 -0.159105 0.0760462 0.182989 -0.61487 0.925701 1
1 -0.159105 0.0760462 0.182989 -0.61487 0.925701 1
1 -0.159105 0.0760462 0.182989 -0.61487 0.925701 1
1 -0.147841 0.173375 0.151667 -0.626125 0.930779 1
1 -0.147841 0.173375 0.151667 -0.626125 0.930779 1
1 -0.147841 0.173375 0.151667 -0.626125 0.930779 1
1 -0.147841 0.173375 0.151667 -0.626125 0.930779 1
1 -0.147841 0.173375 0.151667 -0.626125 0.930779 1
1 -0.147841 0.173375 0.151667 -0.626125 0.930779 1
1 -0.040674 0.268106 0.109588 -0.652036 0.980466 1
1 -0.040674 0.268106 0.109588 -0.652036 0.980466 1
1 -0.040674 0.268106 0.109588 -0.652036 0.980466 1
1 -0.040674 0.268106 0.109588 -0.652036 0.980466 1
1 -0.040674 0.268106 0.109588 -0.652036 0.980466 1
1 0.0656117 0.365873 0.0596374 -0.676196 1 0.968677
1 0.0656117 0.365873 0.0596374 -0.676196 1 0.968677
1 0.0656117 0.365873 0.0596374 -0.676196 1 0.968677
1 0.0656117 0.365873 0.0596374 -0.676196 1 0.968677
1 0.0656117 0.365873 0.0596374 -0.676196 1 0.968677
1 -0.0287342 0.463972 0.024079 -0.669019 0.98616 1
1 -0.0287342 0.463972 0.024079 -0.669019 0.98616 1
1 -0.0287342 0.463972 0.024079 -0.669019 0.98616 1
1 -0.0287342 0.463972 0.024079 -0.669019 0.98616 1
1 -0.0287342 0.463972 0.024079 -0.669019 0.98616 1
1 -0.0287342 0.463972 0.024079 -0.669019 0.98616 1
1 -0.145492 0.560152 -0.0105108 -0.657629 0.931841 1
1 -0.145492 0.560152 -0.0105108 -0.657629 0.931841 1
1 -0.145492 0.560152 -0.0105108 -0.657629 0.931841 1
1 -0.145492 0.560152 -0.0105108 -0.657629 0.931841 1
1 -0.145492 0.560152 -0.0105108 -0.657629 0.931841 1
1 -0.222892 0.662811 -0.0446171 -0.656285 0.897441 1
1 -0.222892 0.662811 -0.0446171 -0.656285 0.897441 1
1 -0.222892 0.662811 -0.0446171 -0.656285 0.897441 1
1 -0.222892 0.662811 -0.0446171 -0.656285 0.897441 1
1 -0.222892 0.662811 -0.0446171 -0.656285 0.897441 1
1 -0.17956 0.764822 -0.0855748 -0.6792 0.916547 1
1 -0.17956 0.764822 -0.0855748 -0.6792 0.916547 1
1 -0.17956 0.764822 -0.0855748 -0.6792 0.916547 1
1 -0.17956 0.764822 -0.0855748 -0.6792 0.916547 1
1 -0.17956 0.764822 -0.0855748 -0.6792 0.916547 1
1 -0.17956 0.764822 -0.0855748 -0.6792 0.916547 1
1 -0.16075 0.869982 -0.123323 -0.700681 0.924961 1
1 -0.16075 0.869982 -0.123323 -0.700681 0.924961 1
1 -0.16075 0.869982 -0.123323 -0.700681 0.924961 1
1 -0.16075 0.869982 -0.123323 -0.700681 0.924961 1
1 -0.16075 0.869982 -0.123323 -0.700681 0.924961 1
1 -0.16075 0.869982 -0.123323 -0.700681 0.924961 1
1 -0.105454 0.967982 -0.172782 -0.731407 0.95013 1
1 -0.105454 0.967982 -0.172782 -0.731407 0.95013 1
1 -0.105454 0.967982 -0.172782 -0.731407 0.95013 1
1 -0.105454 0.967982 -0.172782 -0.731407 0.95013 1
1 -0.105454 0.967982 -0.172782 -0.731407 0.95013 1
1 -0.120674 1.06676 -0.2249 -0.744802 0.943137 1
1 -0.120674 1.06676 -0.2249 -0.744802 0.943137 1
1 -0.120674 1.06676 -0.2249 -0.744802 0.943137 1
1 -0.120674 1.06676 -0.2249 -0.744802 0.943137 1
1 -0.120674 1.06676 -0.2249 -0.744802 0.943137 1
1 -0.120674 1.06676 -0.2249 -0.744802 0.943137 1
1 -0.204452 1.16467 -0.274822 -0.752714 0.905525 1
1 -0.204452 1.16467 -0.274822 -0.752714 0.905525 1
1 -0.204452 1.16467 -0.274822 -0.752714 0.905525 1
1 -0.204452 1.16467 -0.274822 -0.752714 0.905525 1
1 -0.204452 1.16467 -0.274822 -0.752714 0.905525 1
1 -0.204452 1.16467 -0.274822 -0.752714 0.905525 1
1 -0.24946 1.2627 -0.328065 -0.773953 0.885914 1
1 -0.24946 1.2627 -0.328065 -0.773953 0.885914 1
1 -0.24946 1.2627 -0.328065 -0.773953 0.885914 1
1 -0.24946 1.2627 -0.328065 -0.773953 0.885914 1
1 -0.24946 1.2627 -0.328065 -0.773953 0.885914 1
1 -0.24946 1.2627 -0.328065 -0.773953 0.885914 1
1 -0.338131 1.36622 -0.37509 -0.795153 0.848434 1
1 -0.338131 1.36622 -0.37509 -0.795153 0.848434 1
1 -0.338131 1.36622 -0.37509 -0.795153 0.848434 1
1 -0.338131 1.36622 -0.37509 -0.795153 0.848434 1
1 -0.338131 1.36622 -0.37509 -0.795153 0.848434 1
1 -0.338131 1.36622 -0.37509 -0.795153 0.848434 1
1 -0.404153 1.4679 -0.434276 -0.82672 0.821482 1
1 -0.404153 1.4679 -0.434276 -0.82672 0.821482 1
1 -0.404153 1.4679 -0.434276 -0.82672 0.821482 1
1 -0.404153 1.4679 -0.434276 -0.82672 0.821482 1
1 -0.404153 1.4679 -0.434276 -0.82672 0.821482 1
1 -0.404153 1.4679 -0.434276 -0.82672 0.821482 1
1 -0.504992 1.56705 -0.495762 -0.875295 0.7818 1
1 -0.504992 1.56705 -0.495762 -0.875295 0.7818 1
1 -0.504992 1.56705 -0.495762 -0.875295 0.7818 1
1 -0.504992 1.56705 -0.495762 -0.875295 0.7818 1
1 -0.504992 1.56705 -0.495762 -0.875295 0.7818 1
1 -0.504992 1.56705 -0.495762 -0.875295 0.7818 1
1 -0.504992 1.56705 -0.495762 -0.875295 0.7818 1
1 -0.5688 1.67457 -0.559528 -0.937086 0.757571 1
1 -0.5688 1.67457 -0.559528 -0.937086 0.757571 1
1 -0.5688 1.67457 -0.559528 -0.937086 0.757571 1
1 -0.5688 1.67457 -0.559528 -0.937086 0.757571 1
1 -0.5688 1.67457 -0.559528 -0.937086 0.757571 1
1 -0.5688 1.67457 -0.559528 -0.937086 0.757571 1
1 -0.5688 1.67457 -0.559528 -0.937086 0.757571 1
1 -0.771378 1.771 -0.632393 -1.00678 0.684836 1
1 -0.771378 1.771 -0.632393 -1.00678 0.684836 1
1 -0.771378 1.771 -0.632393 -1.00678 0.684836 1
1 -0.771378 1.771 -0.632393 -1.00678 0.684836 1
1 -0.771378 1.771 -0.632393 -1.00678 0.684836 1
1 -0.771378 1.771 -0.632393 -1.00678 0.684836 1
1 -0.944015 1.84717 -0.710932 -1.08675 0.62744 1
1 -0.944015 1.84717 -0.710932 -1.08675 0.62744 1
1 -0.944015 1.84717 -0.710932 -1.08675 0.62744 1
1 -0.944015 1.84717 -0.710932 -1.08675 0.62744 1
1 -0.944015 1.84717 -0.710932 -1.08675 0.62744 1
1 -1.11055 1.90129 -0.767505 -1.1581 0.575662 1
1 -1.11055 1.90129 -0.767505 -1.1581 0.575662 1
1 -1.11055 1.90129 -0.767505 -1.1581 0.575662 1
1 -1.11055 1.90129 -0.767505 -1.1581 0.575662 1
1 -1.16337 1.94589 -0.817293 -1.23074 0.55992 1
1 -1.16337 1.94589 -0.817293 -1.23074 0.55992 1
1 -1.16337 1.94589 -0.817293 -1.23074 0.55992 1
1 -1.16337 1.94589 -0.817293 -1.23074 0.55992 1
1 -1.23885 1.97961 -0.869955 -1.30676 0.537962 1
1 -1.23885 1.97961 -0.869955 -1.30676 0.537962 1
1 -1.23885 1.97961 -0.869955 -1.30676 0.537962 1
1 -1.23885 1.97961 -0.869955 -1.30676 0.537962 1
1 -1.15036 2.01208 -0.913147 -1.38057 0.563767 1
1 -1.15036 2.01208 -0.913147 -1.38057 0.563767 1
1 -1.15036 2.01208 -0.913147 -1.38057 0.563767 1
1 -1.15036 2.01208 -0.913147 -1.38057 0.563767 1
1 -1.25589 2.03497 -0.965034 -1.46026 0.533093 1
1 -1.25589 2.03497 -0.965034 -1.46026 0.533093 1
1 -1.25589 2.03497 -0.965034 -1.46026 0.533093 1
1 -1.25589 2.03497 -0.965034 -1.46026 0.533093 1
1 -1.15807 2.04885 -1.02903 -1.54144 0.561484 1
1 -1.15807 2.04885 -1.02903 -1.54144 0.561484 1
1 -1.15807 2.04885 -1.02903 -1.54144 0.561484 1
1 -1.2702 2.05991 -1.09126 -1.62609 0.529023 1
1 -1.2702 2.05991 -1.09126 -1.62609 0.529023 1
1 -1.2702 2.05991 -1.09126 -1.62609 0.529023 1
1 -1.2702 2.05991 -1.09126 -1.62609 0.529023 1
1 -1.41205 2.06764 -1.15788 -1.70455 0.489845 1
1 -1.41205 2.06764 -1.15788 -1.70455 0.489845 1
1 -1.41205 2.06764 -1.15788 -1.70455 0.489845 1
1 -1.41205 2.06764 -1.15788 -1.70455 0.489845 1
1 -1.33507 2.07328 -1.21136 -1.78267 0.510854 1
1 -1.33507 2.07328 -1.21136 -1.78267 0.510854 1
1 -1.33507 2.07328 -1.21136 -1.78267 0.510854 1
1 -1.24533 2.07182 -1.26151 -1.86577 0.536107 1
1 -1.24533 2.07182 -1.26151 -1.86577 0.536107 1
1 -1.24533 2.07182 -1.26151 -1.86577 0.536107 1
1 -1.24533 2.07182 -1.26151 -1.86577 0.536107 1
1 -1.35156 2.06065 -1.31559 -1.94688 0.506304 1
1 -1.35156 2.06065 -1.31559 -1.94688 0.506304 1
1 -1.35156 2.06065 -1.31559 -1.94688 0.506304 1
1 -1.24981 2.05386 -1.37185 -2.02812 0.534827 1
1 -1.24981 2.05386 -1.37185 -2.02812 0.534827 1
1 -1.24981 2.05386 -1.37185 -2.02812 0.534827 1
1 -1.24981 2.05386 -1.37185 -2.02812 0.534827 1
1 -1.33951 2.04647 -1.42043 -2.10425 0.509627 1
1 -1.33951 2.04647 -1.42043 -2.10425 0.509627 1
1 -1.33951 2.04647 -1.42043 -2.10425 0.509627 1
1 -1.33951 2.04647 -1.42043 -2.10425 0.509627 1
1 -1.21928 2.02879 -1.4749 -2.18605 0.543597 1
1 -1.21928 2.02879 -1.4749 -2.18605 0.543597 1
1 -1.21928 2.02879 -1.4749 -2.18605 0.543597 1
1 -1.24093 2.00257 -1.53149 -2.26719 0.537368 1
1 -1.24093 2.00257 -1.53149 -2.26719 0.537368 1
1 -1.24093 2.00257 -1.53149 -2.26719 0.537368 1
1 -1.24093 2.00257 -1.53149 -2.26719 0.537368 1
1 -1.23397 1.97224 -1.5892 -2.3489 0.539364 1
1 -1.23397 1.97224 -1.5892 -2.3489 0.539364 1
1 -1.23397 1.97224 -1.5892 -2.3489 0.539364 1
1 -1.23397 1.97224 -1.5892 -2.3489 0.539364 1
1 -1.08891 1.94223 -1.64026 -2.42733 0.582201 1
1 -1.08891 1.94223 -1.64026 -2.42733 0.582201 1
1 -1.08891 1.94223 -1.64026 -2.42733 0.582201 1
1 -1.08891 1.94223 -1.64026 -2.42733 0.582201 1
1 -1.04207 1.90484 -1.68862 -2.50852 0.596549 1
1 -1.04207 1.90484 -1.68862 -2.50852 0.596549 1
1 -1.04207 1.90484 -1.68862 -2.50852 0.596549 1
1 -1.04207 1.90484 -1.68862 -2.50852 0.596549 1
1 -0.966133 1.86027 -1.73841 -2.59018 0.620368 1
1 -0.966133 1.86027 -1.73841 -2.59018 0.620368 1
1 -0.966133 1.86027 -1.73841 -2.59018 0.620368 1
1 -0.966133 1.86027 -1.73841 -2.59018 0.620368 1
1 -0.868448 1.8054 -1.78873 -2.67282 0.652075 1
1 -0.868448 1.8054 -1.78873 -2.67282 0.652075 1
1 -0.868448 1.8054 -1.78873 -2.67282 0.652075 1
1 -0.868448 1.8054 -1.78873 -2.67282 0.652075 1
1 -0.868448 1.8054 -1.78873 -2.67282 0.652075 1
1 -0.817494 1.7369 -1.8369 -2.75792 0.669111 1
1 -0.817494 1.7369 -1.8369 -2.75792 0.669111 1
1 -0.817494 1.7369 -1.8369 -2.75792 0.669111 1
1 -0.817494 1.7369 -1.8369 -2.75792 0.669111 1
1 -0.817494 1.7369 -1.8369 -2.75792 0.669111 1
1 -0.752504 1.67148 -1.88609 -2.83739 0.691357 1
1 -0.752504 1.67148 -1.88609 -2.83739 0.691357 1
1 -0.752504 1.67148 -1.88609 -2.83739 0.691357 1
1 -0.752504 1.67148 -1.88609 -2.83739 0.691357 1
1 -0.752504 1.67148 -1.88609 -2.83739 0.691357 1
1 -0.752504 1.67148 -1.88609 -2.83739 0.691357 1
1 -0.633018 1.58744 -1.93318 -2.92422 0.733843 1
1 -0.633018 1.58744 -1.93318 -2.92422 0.733843 1
1 -0.633018 1.58744 -1.93318 -2.92422 0.733843 1
1 -0.633018 1.58744 -1.93318 -2.92422 0.733843 1
1 -0.633018 1.58744 -1.93318 -2.92422 0.733843 1
1 -0.633018 1.58744 -1.93318 -2.92422 0.733843 1
1 -0.542252 1.48864 -1.97802 -3.00888 0.767571 1
1 -0.542252 1.48864 -1.97802 -3.00888 0.767571 1
1 -0.542252 1.48864 -1.97802 -3.00888 0.767571 1
1 -0.542252 1.48864 -1.97802 -3.00888 0.767571 1
1 -0.542252 1.48864 -1.97802 -3.00888 0.767571 1
1 -0.425033 1.39026 -2.01559 -3.08097 0.813121 1
1 -0.425033 1.39026 -2.01559 -3.08097 0.813121 1
1 -0.425033 1.39026 -2.01559 -3.08097 0.813121 1
1 -0.425033 1.39026 -2.01559 -3.08097 0.813121 1
1 -0.425033 1.39026 -2.01559 -3.08097 0.813121 1
1 -0.425033 1.39026 -2.01559 -3.08097 0.813121 1
1 -0.386175 1.28823 -2.04227 -3.13416 0.828743 1
1 -0.386175 1.28823 -2.04227 -3.13416 0.828743 1
1 -0.386175 1.28823 -2.04227 -3.13416 0.828743 1
1 -0.386175 1.28823 -2.04227 -3.13416 0.828743 1
1 -0.386175 1.28823 -2.04227 -3.13416 0.828743 1
1 -0.344756 1.19231 -2.06673 -3.17426 0.845694 1
1 -0.344756 1.19231 -2.06673 -3.17426 0.845694 1
1 -0.344756 1.19231 -2.06673 -3.17426 0.845694 1
1 -0.344756 1.19231 -2.06673 -3.17426 0.845694 1
1 -0.344756 1.19231 -2.06673 -3.17426 0.845694 1
1 -0.344756 1.19231 -2.06673 -3.17426 0.845694 1
1 -0.285067 1.09609 -2.08965 -3.21779 0.870682 1
1 -0.285067 1.09609 -2.08965 -3.21779 0.870682 1
1 -0.285067 1.09609 -2.08965 -3.21779 0.870682 1
1 -0.285067 1.09609 -2.08965 -3.21779 0.870682 1
1 -0.285067 1.09609 -2.08965 -3.21779 0.870682 1
1 -0.205073 0.990798 -2.09516 -3.26095 0.905251 1
1 -0.205073 0.990798 -2.09516 -3.26095 0.905251 1
1 -0.205073 0.990798 -2.09516 -3.26095 0.905251 1
1 -0.205073 0.990798 -2.09516 -3.26095 0.905251 1
1 -0.205073 0.990798 -2.09516 -3.26095 0.905251 1
1 -0.191054 0.888717 -2.10767 -3.29144 0.911442 1
1 -0.191054 0.888717 -2.10767 -3.29144 0.911442 1
1 -0.191054 0.888717 -2.10767 -3.29144 0.911442 1
1 -0.191054 0.888717 -2.10767 -3.29144 0.911442 1
1 -0.191054 0.888717 -2.10767 -3.29144 0.911442 1
1 -0.191054 0.888717 -2.10767 -3.29144 0.911442 1
1 -0.133153 0.783189 -2.11224 -3.32489 0.937441 1
1 -0.133153 0.783189 -2.11224 -3.32489 0.937441 1
1 -0.133153 0.783189 -2.11224 -3.32489 0.937441 1
1 -0.133153 0.783189 -2.11224 -3.32489 0.937441 1
1 -0.133153 0.783189 -2.11224 -3.32489 0.937441 1
1 -0.122126 0.684188 -2.11004 -3.34193 0.942473 1
1 -0.122126 0.684188 -2.11004 -3.34193 0.942473 1
1 -0.122126 0.684188 -2.11004 -3.34193 0.942473 1
1 -0.122126 0.684188 -2.11004 -3.34193 0.942473 1
1 -0.122126 0.684188 -2.11004 -3.34193 0.942473 1
1 -0.0941136 0.580407 -2.10474 -3.36256 0.955373 1
1 -0.0941136 0.580407 -2.10474 -3.36256 0.955373 1
1 -0.0941136 0.580407 -2.10474 -3.36256 0.955373 1
1 -0.0941136 0.580407 -2.10474 -3.36256 0.955373 1
1 -0.0941136 0.580407 -2.10474 -3.36256 0.955373 1
1 -0.0772686 0.478377 -2.10024 -3.3798 0.963214 1
1 -0.0772686 0.478377 -2.10024 -3.3798 0.963214 1
1 -0.0772686 0.478377 -2.10024 -3.3798 0.963214 1
1 -0.0772686 0.478377 -2.10024 -3.3798 0.963214 1
1 -0.0772686 0.478377 -2.10024 -3.3798 0.963214 1
1 -0.0680435 0.37451 -2.09677 2.8885 0.967535 1
1 -0.0680435 0.37451 -2.09677 2.8885 0.967535 1
1 -0.0680435 0.37451 -2.09677 2.8885 0.967535 1
1 -0.0680435 0.37451 -2.09677 2.8885 0.967535 1
1 -0.0680435 0.37451 -2.09677 2.8885 0.967535 1
1 -0.0684933 0.273581 -2.09332 2.87594 0.967324 1
1 -0.0684933 0.273581 -2.09332 2.87594 0.967324 1
1 -0.0684933 0.273581 -2.09332 2.87594 0.967324 1
1 -0.0684933 0.273581 -2.09332 2.87594 0.967324 1
1 -0.0684933 0.273581 -2.09332 2.87594 0.967324 1
1 -0.0788717 0.175592 -2.08527 2.8674 0.962465 1
1 -0.0788717 0.175592 -2.08527 2.8674 0.962465 1
1 -0.0788717 0.175592 -2.08527 2.8674 0.962465 1
1 -0.0788717 0.175592 -2.08527 2.8674 0.962465 1
1 -0.0788717 0.175592 -2.08527 2.8674 0.962465 1
1 -0.0671921 0.0743202 -2.07099 2.85447 0.967934 1
1 -0.0671921 0.0743202 -2.07099 2.85447 0.967934 1
1 -0.0671921 0.0743202 -2.07099 2.85447 0.967934 1
1 -0.0671921 0.0743202 -2.07099 2.85447 0.967934 1
1 -0.0671921 0.0743202 -2.07099 2.85447 0.967934 1
1 -0.0171424 -0.0241452 -2.05758 2.83542 0.99172 1
1 -0.0171424 -0.0241452 -2.05758 2.83542 0.99172 1
1 -0.0171424 -0.0241452 -2.05758 2.83542 0.99172 1
1 -0.0171424 -0.0241452 -2.05758 2.83542 0.99172 1
1 -0.0171424 -0.0241452 -2.05758 2.83542 0.99172 1
1 -0.00645884 -0.124382 -2.0423 2.82212 0.996872 1
1 -0.00645884 -0.124382 -2.0423 2.82212 0.996872 1
1 -0.00645884 -0.124382 -2.0423 2.82212 0.996872 1
1 -0.00645884 -0.124382 -2.0423 2.82212 0.996872 1
1 -0.00645884 -0.124382 -2.0423 2.82212 0.996872 1
1 -0.0715062 -0.227147 -2.02923 2.82775 0.965911 1
1 -0.0715062 -0.227147 -2.02923 2.82775 0.965911 1
1 -0.0715062 -0.227147 -2.02923 2.82775 0.965911 1
1 -0.0715062 -0.227147 -2.02923 2.82775 0.965911 1
1 -0.0715062 -0.227147 -2.02923 2.82775 0.965911 1
1 -0.107363 -0.32612 -2.01906 2.82322 0.94925 1
1 -0.107363 -0.32612 -2.01906 2.82322 0.94925 1
1 -0.107363 -0.32612 -2.01906 2.82322 0.94925 1
1 -0.107363 -0.32612 -2.01906 2.82322 0.94925 1
1 -0.107363 -0.32612 -2.01906 2.82322 0.94925 1
1 -0.0761854 -0.424092 -2.0006 2.80322 0.96372 1
1 -0.0761854 -0.424092 -2.0006 2.80322 0.96372 1
1 -0.0761854 -0.424092 -2.0006 2.80322 0.96372 1
1 -0.0761854 -0.424092 -2.0006 2.80322 0.96372 1
1 -0.0761854 -0.424092 -2.0006 2.80322 0.96372 1
1 -0.0626147 -0.524718 -1.98386 2.7855 0.970086 1
1 -0.0626147 -0.524718 -1.98386 2.7855 0.970086 1
1 -0.0626147 -0.524718 -1.98386 2.7855 0.970086 1
1 -0.0626147 -0.524718 -1.98386 2.7855 0.970086 1
1 -0.0626147 -0.524718 -1.98386 2.7855 0.970086 1
1 -0.0922394 -0.622772 -1.96592 2.7716 0.956243 1
1 -0.0922394 -0.622772 -1.96592 2.7716 0.956243 1
1 -0.0922394 -0.622772 -1.96592 2.7716 0.956243 1
1 -0.0922394 -0.622772 -1.96592 2.7716 0.956243 1
1 -0.0922394 -0.622772 -1.96592 2.7716 0.956243 1
1 -0.114373 -0.730848 -1.94005 2.76211 0.946026 1
1 -0.114373 -0.730848 -1.94005 2.76211 0.946026 1
1 -0.114373 -0.730848 -1.94005 2.76211 0.946026 1
1 -0.114373 -0.730848 -1.94005 2.76211 0.946026 1
1 -0.114373 -0.730848 -1.94005 2.76211 0.946026 1
1 -0.153696 -0.83208 -1.92716 2.74998 0.928136 1
1 -0.153696 -0.83208 -1.92716 2.74998 0.928136 1
1 -0.153696 -0.83208 -1.92716 2.74998 0.928136 1
1 -0.153696 -0.83208 -1.92716 2.74998 0.928136 1
1 -0.153696 -0.83208 -1.92716 2.74998 0.928136 1
1 -0.221951 -0.936463 -1.90436 2.73703 0.897852 1
1 -0.221951 -0.936463 -1.90436 2.73703 0.897852 1
1 -0.221951 -0.936463 -1.90436 2.73703 0.897852 1
1 -0.221951 -0.936463 -1.90436 2.73703 0.897852 1
1 -0.221951 -0.936463 -1.90436 2.73703 0.897852 1
1 -0.272849 -1.03557 -1.89515 2.71975 0.875881 1
1 -0.272849 -1.03557 -1.89515 2.71975 0.875881 1
1 -0.272849 -1.03557 -1.89515 2.71975 0.875881 1
1 -0.272849 -1.03557 -1.89515 2.71975 0.875881 1
1 -0.272849 -1.03557 -1.89515 2.71975 0.875881 1
1 -0.272849 -1.03557 -1.89515 2.71975 0.875881 1
1 -0.315006 -1.13659 -1.87903 2.68746 0.858064 1
1 -0.315006 -1.13659 -1.87903 2.68746 0.858064 1
1 -0.315006 -1.13659 -1.87903 2.68746 0.858064 1
1 -0.315006 -1.13659 -1.87903 2.68746 0.858064 1
1 -0.315006 -1.13659 -1.87903 2.68746 0.858064 1
1 -0.34333 -1.23646 -1.85094 2.64738 0.846283 1
1 -0.34333 -1.23646 -1.85094 2.64738 0.846283 1
1 -0.34333 -1.23646 -1.85094 2.64738 0.846283 1
1 -0.34333 -1.23646 -1.85094 2.64738 0.846283 1
1 -0.34333 -1.23646 -1.85094 2.64738 0.846283 1
1 -0.406505 -1.33738 -1.81699 2.6057 0.820536 1
1 -0.406505 -1.33738 -1.81699 2.6057 0.820536 1
1 -0.406505 -1.33738 -1.81699 2.6057 0.820536 1
1 -0.406505 -1.33738 -1.81699 2.6057 0.820536 1
1 -0.406505 -1.33738 -1.81699 2.6057 0.820536 1
1 -0.406505 -1.33738 -1.81699 2.6057 0.820536 1
1 -0.514776 -1.43372 -1.784 2.56231 0.778042 1
1 -0.514776 -1.43372 -1.784 2.56231 0.778042 1
1 -0.514776 -1.43372 -1.784 2.56231 0.778042 1
1 -0.514776 -1.43372 -1.784 2.56231 0.778042 1
1 -0.514776 -1.43372 -1.784 2.56231 0.778042 1
1 -0.514776 -1.43372 -1.784 2.56231 0.778042 1
1 -0.628775 -1.53259 -1.7365 2.50369 0.735391 1
1 -0.628775 -1.53259 -1.7365 2.50369 0.735391 1
1 -0.628775 -1.53259 -1.7365 2.50369 0.735391 1
1 -0.628775 -1.53259 -1.7365 2.50369 0.735391 1
1 -0.628775 -1.53259 -1.7365 2.50369 0.735391 1
1 -0.799969 -1.63226 -1.69302 2.43529 0.675052 1
1 -0.799969 -1.63226 -1.69302 2.43529 0.675052 1
1 -0.799969 -1.63226 -1.69302 2.43529 0.675052 1
1 -0.799969 -1.63226 -1.69302 2.43529 0.675052 1
1 -0.799969 -1.63226 -1.69302 2.43529 0.675052 1
1 -0.799969 -1.63226 -1.69302 2.43529 0.675052 1
1 -1.00886 -1.71023 -1.63076 2.35069 0.606881 1
1 -1.00886 -1.71023 -1.63076 2.35069 0.606881 1
1 -1.00886 -1.71023 -1.63076 2.35069 0.606881 1
1 -1.00886 -1.71023 -1.63076 2.35069 0.606881 1
1 -1.00886 -1.71023 -1.63076 2.35069 0.606881 1
1 -1.17924 -1.77418 -1.58542 2.26664 0.555251 1
1 -1.17924 -1.77418 -1.58542 2.26664 0.555251 1
1 -1.17924 -1.77418 -1.58542 2.26664 0.555251 1
1 -1.17924 -1.77418 -1.58542 2.26664 0.555251 1
1 -1.24308 -1.83212 -1.54118 2.18742 0.536752 1
1 -1.24308 -1.83212 -1.54118 2.18742 0.536752 1
1 -1.24308 -1.83212 -1.54118 2.18742 0.536752 1
1 -1.24308 -1.83212 -1.54118 2.18742 0.536752 1
1 -1.33936 -1.87783 -1.50131 2.1096 0.509667 1
1 -1.33936 -1.87783 -1.50131 2.1096 0.509667 1
1 -1.33936 -1.87783 -1.50131 2.1096 0.509667 1
1 -1.42527 -1.91163 -1.44715 2.02108 0.486294 1
1 -1.42527 -1.91163 -1.44715 2.02108 0.486294 1
1 -1.42527 -1.91163 -1.44715 2.02108 0.486294 1
1 -1.42527 -1.91163 -1.44715 2.02108 0.486294 1
1 -1.34871 -1.95067 -1.41141 1.94489 0.507089 1
1 -1.34871 -1.95067 -1.41141 1.94489 0.507089 1
1 -1.34871 -1.95067 -1.41141 1.94489 0.507089 1
1 -1.50406 -1.98331 -1.37329 1.86981 0.465486 1
1 -1.50406 -1.98331 -1.37329 1.86981 0.465486 1
1 -1.50406 -1.98331 -1.37329 1.86981 0.465486 1
1 -1.41545 -2.00807 -1.32986 1.78844 0.48893 1
1 -1.41545 -2.00807 -1.32986 1.78844 0.48893 1
1 -1.41545 -2.00807 -1.32986 1.78844 0.48893 1
1 -1.41545 -2.00807 -1.32986 1.78844 0.48893 1
1 -1.3247 -2.02918 -1.28166 1.7067 0.513729 1
1 -1.3247 -2.02918 -1.28166 1.7067 0.513729 1
1 -1.3247 -2.02918 -1.28166 1.7067 0.513729 1
1 -1.45768 -2.04659 -1.23245 1.62827 0.477663 1
1 -1.45768 -2.04659 -1.23245 1.62827 0.477663 1
1 -1.45768 -2.04659 -1.23245 1.62827 0.477663 1
1 -1.45768 -2.04659 -1.23245 1.62827 0.477663 1
1 -1.34301 -2.06001 -1.16938 1.54289 0.508659 1
1 -1.34301 -2.06001 -1.16938 1.54289 0.508659 1
1 -1.34301 -2.06001 -1.16938 1.54289 0.508659 1
1 -1.43062 -2.07332 -1.11946 1.46171 0.484862 1
1 -1.43062 -2.07332 -1.11946 1.46171 0.484862 1
1 -1.43062 -2.07332 -1.11946 1.46171 0.484862 1
1 -1.31021 -2.07612 -1.06659 1.37947 0.517767 1
1 -1.31021 -2.07612 -1.06659 1.37947 0.517767 1
1 -1.31021 -2.07612 -1.06659 1.37947 0.517767 1
1 -1.31021 -2.07612 -1.06659 1.37947 0.517767 1
1 -1.33855 -2.07532 -1.00609 1.29492 0.509891 1
1 -1.33855 -2.07532 -1.00609 1.29492 0.509891 1
1 -1.33855 -2.07532 -1.00609 1.29492 0.509891 1
1 -1.33165 -2.07183 -0.940282 1.20994 0.511801 1
1 -1.33165 -2.07183 -0.940282 1.20994 0.511801 1
1 -1.33165 -2.07183 -0.940282 1.20994 0.511801 1
1 -1.33165 -2.07183 -0.940282 1.20994 0.511801 1
1 -1.18639 -2.06376 -0.888551 1.12969 0.553157 1
1 -1.18639 -2.06376 -0.888551 1.12969 0.553157 1
1 -1.18639 -2.06376 -0.888551 1.12969 0.553157 1
1 -1.18639 -2.06376 -0.888551 1.12969 0.553157 1
1 -1.15245 -2.05287 -0.839981 1.04972 0.563147 1
1 -1.15245 -2.05287 -0.839981 1.04972 0.563147 1
1 -1.15245 -2.05287 -0.839981 1.04972 0.563147 1
1 -1.15245 -2.05287 -0.839981 1.04972 0.563147 1
1 -1.08017 -2.03463 -0.776008 0.966461 0.58486 1
1 -1.08017 -2.03463 -0.776008 0.966461 0.58486 1
1 -1.08017 -2.03463 -0.776008 0.966461 0.58486 1
1 -0.991248 -2.00829 -0.717984 0.884801 0.612412 1
1 -0.991248 -2.00829 -0.717984 0.884801 0.612412 1
1 -0.991248 -2.00829 -0.717984 0.884801 0.612412 1
1 -0.991248 -2.00829 -0.717984 0.884801 0.612412 1
1 -0.991248 -2.00829 -0.717984 0.884801 0.612412 1
1 -0.886316 -1.97474 -0.650315 0.80468 0.646183 1
1 -0.886316 -1.97474 -0.650315 0.80468 0.646183 1
1 -0.886316 -1.97474 -0.650315 0.80468 0.646183 1
1 -0.886316 -1.97474 -0.650315 0.80468 0.646183 1
1 -0.886316 -1.97474 -0.650315 0.80468 0.646183 1
1 -0.829353 -1.93489 -0.573731 0.72216 0.665115 1
1 -0.829353 -1.93489 -0.573731 0.72216 0.665115 1
1 -0.829353 -1.93489 -0.573731 0.72216 0.665115 1
1 -0.829353 -1.93489 -0.573731 0.72216 0.665115 1
1 -0.745848 -1.88633 -0.503684 0.642882 0.693669 1
1 -0.745848 -1.88633 -0.503684 0.642882 0.693669 1
1 -0.745848 -1.88633 -0.503684 0.642882 0.693669 1
1 -0.745848 -1.88633 -0.503684 0.642882 0.693669 1
1 -0.745848 -1.88633 -0.503684 0.642882 0.693669 1
1 -0.745848 -1.88633 -0.503684 0.642882 0.693669 1
1 -0.632836 -1.82207 -0.426754 0.562721 0.733909 1
1 -0.632836 -1.82207 -0.426754 0.562721 0.733909 1
1 -0.632836 -1.82207 -0.426754 0.562721 0.733909 1
1 -0.632836 -1.82207 -0.426754 0.562721 0.733909 1
1 -0.632836 -1.82207 -0.426754 0.562721 0.733909 1
1 -0.632836 -1.82207 -0.426754 0.562721 0.733909 1
1 -0.552345 -1.74785 -0.357188 0.488515 0.763756 1
1 -0.552345 -1.74785 -0.357188 0.488515 0.763756 1
1 -0.552345 -1.74785 -0.357188 0.488515 0.763756 1
1 -0.552345 -1.74785 -0.357188 0.488515 0.763756 1
1 -0.552345 -1.74785 -0.357188 0.488515 0.763756 1
1 -0.552345 -1.74785 -0.357188 0.488515 0.763756 1
1 -0.552345 -1.74785 -0.357188 0.488515 0.763756 1
1 -0.420736 -1.65389 -0.279545 0.408506 0.814835 1
1 -0.420736 -1.65389 -0.279545 0.408506 0.814835 1
1 -0.420736 -1.65389 -0.279545 0.408506 0.814835 1
1 -0.420736 -1.65389 -0.279545 0.408506 0.814835 1
1 -0.420736 -1.65389 -0.279545 0.408506 0.814835 1
1 -0.420736 -1.65389 -0.279545 0.408506 0.814835 1
1 -0.420736 -1.65389 -0.279545 0.408506 0.814835 1
1 -0.313689 -1.54954 -0.205465 0.343861 0.858616 1
1 -0.313689 -1.54954 -0.205465 0.343861 0.858616 1
1 -0.313689 -1.54954 -0.205465 0.343861 0.858616 1
1 -0.313689 -1.54954 -0.205465 0.343861 0.858616 1
1 -0.313689 -1.54954 -0.205465 0.343861 0.858616 1
1 -0.313689 -1.54954 -0.205465 0.343861 0.858616 1
1 -0.270979 -1.44966 -0.138673 0.304166 0.876679 1
1 -0.270979 -1.44966 -0.138673 0.304166 0.876679 1
1 -0.270979 -1.44966 -0.138673 0.304166 0.876679 1
1 -0.270979 -1.44966 -0.138673 0.304166 0.876679 1
1 -0.270979 -1.44966 -0.138673 0.304166 0.876679 1
1 -0.270979 -1.44966 -0.138673 0.304166 0.876679 1
1 -0.24153 -1.35061 -0.074768 0.278092 0.88934 1
1 -0.24153 -1.35061 -0.074768 0.278092 0.88934 1
1 -0.24153 -1.35061 -0.074768 0.278092 0.88934 1
1 -0.24153 -1.35061 -0.074768 0.278092 0.88934 1
1 -0.24153 -1.35061 -0.074768 0.278092 0.88934 1
1 -0.24153 -1.35061 -0.074768 0.278092 0.88934 1
1 -0.24153 -1.35061 -0.074768 0.278092 0.88934 1
1 -0.212144 -1.24767 -0.0158289 0.250967 0.902144 1
1 -0.212144 -1.24767 -0.0158289 0.250967 0.902144 1
1 -0.212144 -1.24767 -0.0158289 0.250967 0.902144 1
1 -0.212144 -1.24767 -0.0158289 0.250967 0.902144 1
1 -0.212144 -1.24767 -0.0158289 0.250967 0.902144 1
1 -0.122547 -1.14826 0.0355733 0.213822 0.94228 1
1 -0.122547 -1.14826 0.0355733 0.213822 0.94228 1
1 -0.122547 -1.14826 0.0355733 0.213822 0.94228 1
1 -0.122547 -1.14826 0.0355733 0.213822 0.94228 1
1 -0.122547 -1.14826 0.0355733 0.213822 0.94228 1
1 -0.122547 -1.14826 0.0355733 0.213822 0.94228 1
1 -0.0963894 -1.05065 0.0872624 0.196596 0.954319 1
1 -0.0963894 -1.05065 0.0872624 0.196596 0.954319 1
1 -0.0963894 -1.05065 0.0872624 0.196596 0.954319 1
1 -0.0963894 -1.05065 0.0872624 0.196596 0.954319 1
1 -0.0963894 -1.05065 0.0872624 0.196596 0.954319 1
1 -0.0963894 -1.05065 0.0872624 0.196596 0.954319 1
1 -0.074707 -0.949693 0.134728 0.181065 0.964412 1
1 -0.074707 -0.949693 0.134728 0.181065 0.964412 1
1 -0.074707 -0.949693 0.134728 0.181065 0.964412 1
1 -0.074707 -0.949693 0.134728 0.181065 0.964412 1
1 -0.074707 -0.949693 0.134728 0.181065 0.964412 1
1 -0.112438 -0.851324 0.185617 0.185792 0.946915 1
1 -0.112438 -0.851324 0.185617 0.185792 0.946915 1
1 -0.112438 -0.851324 0.185617 0.185792 0.946915 1
1 -0.112438 -0.851324 0.185617 0.185792 0.946915 1
1 -0.112438 -0.851324 0.185617 0.185792 0.946915 1
1 -0.112438 -0.851324 0.185617 0.185792 0.946915 1
1 -0.120997 -0.75412 0.23344 0.183662 0.942989 1
1 -0.120997 -0.75412 0.23344 0.183662 0.942989 1
1 -0.120997 -0.75412 0.23344 0.183662 0.942989 1
1 -0.120997 -0.75412 0.23344 0.183662 0.942989 1
1 -0.120997 -0.75412 0.23344 0.183662 0.942989 1
1 -0.0993717 -0.656931 0.280035 0.174049 0.952939 1
1 -0.0993717 -0.656931 0.280035 0.174049 0.952939 1
1 -0.0993717 -0.656931 0.280035 0.174049 0.952939 1
1 -0.0993717 -0.656931 0.280035 0.174049 0.952939 1
1 -0.0993717 -0.656931 0.280035 0.174049 0.952939 1
1 -0.0993717 -0.656931 0.280035 0.174049 0.952939 1
1 -0.088956 -0.558985 0.329873 0.166864 0.957767 1
1 -0.088956 -0.558985 0.329873 0.166864 0.957767 1
1 -0.088956 -0.558985 0.329873 0.166864 0.957767 1
1 -0.088956 -0.558985 0.329873 0.166864 0.957767 1
1 -0.088956 -0.558985 0.329873 0.166864 0.957767 1
1 -0.0668109 -0.462749 0.380525 0.159762 0.968113 1
1 -0.0668109 -0.462749 0.380525 0.159762 0.968113 1
1 -0.0668109 -0.462749 0.380525 0.159762 0.968113 1
1 -0.0668109 -0.462749 0.380525 0.159762 0.968113 1
1 -0.0668109 -0.462749 0.380525 0.159762 0.968113 1
1 -0.0668109 -0.462749 0.380525 0.159762 0.968113 1
1 -0.0179871 -0.361867 0.420297 0.148595 0.991314 1
1 -0.0179871 -0.361867 0.420297 0.148595 0.991314 1
1 -0.0179871 -0.361867 0.420297 0.148595 0.991314 1
1 -0.0179871 -0.361867 0.420297 0.148595 0.991314 1
1 -0.0179871 -0.361867 0.420297 0.148595 0.991314 1
0 0 -0.261524 0.462561 0.139877 0 0
